# deviation_chirp_bias	 deviation_time_bias
0.00001181	0.00004425
0.00001170	0.00175776
0.00044908	0.00293877
0.00009837	0.00032221
0.00002283	0.00050115
0.00003755	0.00103961
0.00010620	0.00106253
0.00008808	0.00043677
0.00000810	0.00021948
0.00001501	0.00040095
0.00010455	0.00139086
0.00047807	0.00701523
0.00025771	0.00462105
0.00011662	0.00028390
0.00033759	0.00228616
0.00069605	0.00071557
0.00005151	0.00041610
0.00001247	0.00052360
0.00012314	0.00950098
0.00004801	0.00022122
0.00015952	0.00075364
0.00040775	0.00104040
0.00014566	0.00001808
0.00010804	0.00042987
0.00014563	0.00438781
0.00004852	0.00055179
0.00002877	0.00057481
0.00001757	0.00042668
0.00006804	0.00171347
0.00001115	0.00036620
0.00021047	0.00157147
0.00001940	0.00015312
0.00028418	0.00036056
0.00000173	0.00012645
0.00003372	0.00016863
0.00097447	0.00193613
0.00013686	0.00331887
0.00056774	0.00063479
0.00002935	0.00018497
0.00003097	0.00007553
0.00002223	0.00001725
0.00000550	0.00013694
0.00022513	0.00160721
0.00005746	0.00009743
0.00027420	0.00287679
0.00001808	0.00108497
0.00007641	0.00064144
0.00005694	0.00003042
0.00009233	0.00013310
0.00036504	0.00587375
0.00029727	0.00024862
0.00004306	0.00054850
0.00000261	0.00009917
0.00036050	0.00352800
0.00015331	0.00163000
0.00017627	0.00021855
0.00013674	0.00044236
0.00009941	0.00169964
0.00000974	0.00078311
0.00001223	0.00108567
0.00002317	0.00706462
0.00003854	0.00059262
0.00006528	0.00044411
0.00000828	0.00017476
0.00013758	0.00107563
0.00003569	0.00010740
0.00005583	0.00124228
0.00013819	0.00008395
0.00004261	0.00063547
0.00045254	0.00545083
0.00005153	0.00013943
0.00009232	0.00009099
0.00000468	0.00113497
0.00004748	0.00052447
0.00008308	0.00010328
0.00026940	0.00300677
0.00016200	0.00031576
0.00007327	0.00082134
0.00013490	0.00055020
0.00003272	0.00021482
0.00013927	0.00010722
0.00000230	0.00082488
0.00011903	0.00172816
0.00022262	0.00233062
0.00032194	0.00050425
0.00115263	0.00303375
0.00011889	0.00012425
0.00032082	0.00016602
0.00003165	0.00061621
0.00013882	0.00008204
0.00006457	0.00025794
0.00006687	0.00026873
0.00002722	0.00027709
0.00004078	0.00001009
0.00010982	0.00001036
0.00002910	0.00079585
0.00018857	0.00081790
0.00007225	0.00034850
0.00014681	0.00087420
0.00004793	0.00004994
0.00009192	0.00018692
0.00002504	0.00001289
0.00012214	0.00104362
0.00014390	0.00000820
0.00004403	0.00006185
0.00010388	0.00015040
0.00006748	0.00012935
0.00006169	0.00007682
0.00000945	0.00025842
0.00010638	0.00078596
0.00001698	0.00025828
0.00009979	0.00000442
0.00003543	0.00111966
0.00012397	0.00075109
0.00001483	0.00071873
0.00005790	0.00111439
0.00004945	0.00018666
0.00016973	0.00041833
0.00025055	0.00133529
0.00012523	0.00195759
0.00071462	0.00227991
0.00004533	0.00121786
0.00017305	0.00019598
0.00007241	0.00057098
0.00023253	0.00099174
0.00003961	0.00017486
0.00001908	0.00382028
0.00019198	0.00077155
0.00002961	0.00094304
0.00007928	0.00030651
0.00002152	0.00030917
0.00036922	0.00242862
0.00002305	0.00158406
0.00000227	0.00050417
0.00003286	0.00003186
0.00005617	0.00039254
0.00013081	0.00066493
0.00026294	0.00794390
0.00013332	0.00016557
0.00019098	0.00444871
0.00006632	0.00018171
0.00016038	0.00030053
0.00006444	0.00008612
0.00029929	0.00013068
0.00043619	0.00107895
0.00005588	0.00110627
0.00008833	0.00114865
0.00005464	0.00030908
0.00027594	0.00024955
0.00008900	0.00136528
0.00010958	0.00030816
0.00024152	0.00094394
0.00001777	0.00003542
0.00017506	0.00005851
0.00027534	0.00719310
0.00007979	0.00047107
0.00002286	0.00035427
0.00192253	0.00037920
0.00007232	0.00012298
0.00010408	0.00009674
0.00006338	0.00080704
0.00012410	0.00031670
0.00020483	0.00065163
0.00003179	0.00095667
0.00028504	0.00328725
0.00024472	0.00091365
0.00004200	0.00292834
0.00015898	0.00008276
0.00001990	0.00024719
0.00005177	0.00034992
0.00107844	0.00318840
0.00007857	0.00030822
0.00000959	0.01602319
0.00005329	0.00038929
0.00005066	0.00023212
0.00000879	0.00023262
0.00002426	0.00082873
0.00015283	0.00010691
0.00049050	0.00154290
0.00019665	0.00110372
0.00008095	0.00012071
0.00061925	0.00214739
0.00008503	0.00091637
0.00001674	0.00033357
0.00002100	0.00031290
0.00009684	0.00034430
0.00001152	0.00110592
0.00001924	0.00079897
0.00010337	0.00100707
0.00011609	0.00069576
0.00000122	0.00028755
0.00020329	0.00406996
0.00000880	0.00060163
0.00005992	0.00042564
0.00003188	0.00067146
0.00018970	0.00098239
0.00011424	0.00023554
0.00003363	0.00070419
0.00001319	0.00002404
0.00009091	0.00159044
0.00014061	0.00007393
0.00016810	0.00007181
0.00013862	0.00265817
0.00031955	0.00052665
0.00005891	0.00001301
0.00048713	0.00042084
0.00013860	0.00052952
0.00006661	0.00023813
0.00009414	0.00005820
0.00023201	0.00165433
0.00006811	0.00418735
0.00002539	0.00081341
0.00018132	0.00218314
0.00014575	0.00437410
0.00016626	0.00097091
0.00007731	0.00117280
0.00031042	0.00140296
0.00012623	0.00014588
0.00000277	0.00025742
0.00120011	0.00219432
0.00000766	0.00016761
0.00017086	0.00282222
0.00008164	0.00017071
0.00020958	0.00010223
0.00003080	0.00052066
0.00020963	0.00086566
0.00005229	0.00000845
0.00040287	0.00009909
0.00031219	0.00244192
0.00006951	0.00048243
0.00002369	0.00080660
0.00053467	0.00282148
0.00014993	0.00010472
0.00015703	0.00060305
0.00011407	0.00145308
0.00032219	0.00229324
0.00000811	0.00055400
0.00002764	0.00002000
0.00004669	0.00007471
0.00001167	0.00031715
0.00002913	0.00024023
0.00052469	0.00689162
0.00008724	0.00274676
0.00017406	0.00040768
0.00005016	0.00038613
0.00007326	0.00001843
0.00011251	0.00332596
0.00016395	0.00045217
0.00001306	0.00014119
0.00018877	0.00196516
0.00071189	0.00239849
0.00022932	0.00147033
0.00003543	0.00044585
0.00015953	0.00075339
0.00006837	0.00027277
0.00004571	0.00026331
0.00014091	0.00128045
0.00015446	0.00021807
0.00010076	0.00001873
0.00005017	0.00082766
0.00000912	0.00037662
0.00001028	0.00018097
0.00069638	0.00244246
0.00018251	0.00009036
0.00025793	0.00059595
0.00001862	0.00007760
0.00000380	0.00004924
0.00006807	0.00003561
0.00006603	0.00023654
0.00003427	0.00254183
0.00003785	0.00001504
0.00004974	0.00091786
0.00013715	0.00071209
0.00038258	0.00089667
0.00000749	0.00058439
0.00011454	0.00052302
0.00006290	0.00163542
0.00008773	0.00197173
0.00034105	0.00107892
0.00002423	0.00028381
0.00046015	0.00175832
0.00030491	0.00420686
0.00016799	0.00048145
0.00016479	0.00174617
0.00001990	0.00013576
0.00013674	0.00037831
0.00022666	0.00022310
0.00012313	0.00031077
0.00011885	0.00017346
0.00009796	0.00019070
0.00004971	0.00134013
0.00007493	0.00107480
0.00013242	0.00005043
0.00031544	0.00031196
0.00002861	0.00027842
0.00007913	0.00000559
0.00018247	0.00169847
0.00000954	0.00075485
0.00001755	0.00053262
0.00078834	0.00246319
0.00004986	0.00208193
0.00002316	0.00066776
0.00034901	0.00190960
0.00002534	0.00072809
0.00006463	0.00026437
0.00011330	0.00103605
0.00001609	0.00091238
0.00033627	0.00315154
0.00000921	0.00031379
0.00008832	0.00012908
0.00006219	0.00064875
0.00001612	0.00035048
0.00051633	0.00355744
0.00027620	0.00182803
0.00007761	0.00012537
0.00019206	0.00083578
0.00008904	0.00003554
0.00034524	0.00244499
0.00001347	0.00034211
0.00044631	0.00169715
0.00009253	0.00015098
0.00030008	0.00189151
0.00005675	0.00167088
0.00010508	0.00033342
0.00003315	0.00022139
0.00011408	0.00032841
0.00008093	0.00038032
0.00025889	0.01358670
0.00004283	0.00023080
0.00019277	0.00086096
0.00006912	0.00202937
0.00008280	0.00001791
0.00005052	0.00004887
0.00003021	0.00005476
0.00000766	0.00043899
0.00029253	0.00024301
0.00005570	0.00016759
0.00002130	0.00043424
0.00035159	0.00237368
0.00021851	0.00059504
0.00009428	0.00000247
0.00019189	0.00036882
0.00001158	0.00169864
0.00041079	0.00181522
0.00000985	0.00003946
0.00006865	0.00004980
0.00005790	0.00016256
0.00005671	0.00036693
0.00018119	0.00000147
0.00015775	0.00333289
0.00038777	0.00973580
0.00017741	0.00015318
0.00019270	0.00007819
0.00007744	0.00240869
0.00023744	0.00599011
0.00019175	0.00005741
0.00003276	0.00036185
0.00028894	0.00464172
0.00030787	0.00291750
0.00001884	0.00012067
0.00050176	0.00258870
0.00000229	0.00033043
0.00008708	0.00050043
0.00033838	0.00884932
0.00004104	0.00016195
0.00003500	0.00025287
0.00001750	0.00019225
0.00012660	0.00010210
0.00055011	0.00565246
0.00009477	0.00193655
0.00006706	0.00169140
0.00013022	0.00019366
0.00031980	0.00080809
0.00160090	0.00240788
0.00032183	0.00618634
0.00006891	0.00057243
0.00010725	0.00061796
0.00009249	0.00012230
0.00007101	0.00039594
0.00001132	0.00037768
0.00016014	0.00214502
0.00076763	0.00185336
0.00021626	0.00124682
0.00003063	0.00053411
0.00007841	0.00042638
0.00033685	0.00090227
0.00041816	0.00222406
0.00014595	0.00052303
0.00013008	0.00014297
0.00005172	0.00060587
0.00030189	0.00277369
0.00024142	0.00062267
0.00017893	0.00047220
0.00014561	0.00001451
0.00000789	0.00018327
0.00017810	0.00069628
0.00002237	0.00004481
0.00003950	0.00164150
0.00006775	0.00146362
0.00011702	0.00104235
0.00012942	0.00052237
0.00011993	0.00123716
0.00004890	0.00026443
0.00068249	0.00389235
0.00023045	0.00040885
0.00001141	0.00043391
0.00002908	0.00057564
0.00002187	0.00021389
0.00002527	0.00069713
0.00003956	0.00026068
0.00006292	0.00002607
0.00002893	0.00010794
0.00009801	0.00167387
0.00003901	0.00020270
0.00029585	0.00094164
0.00005567	0.00078461
0.00005792	0.00006490
0.00006667	0.00371255
0.00082830	0.00252396
0.00054701	0.00174781
0.00005665	0.00083080
0.00005899	0.00018795
0.00001752	0.00067186
0.00000941	0.00015695
0.00048679	0.00000727
0.00036601	0.00588199
0.00011878	0.00045464
0.00008508	0.00015060
0.00018997	0.00029710
0.00006944	0.00147560
0.00002181	0.00000886
0.00011296	0.00206368
0.00005967	0.00317542
0.00003921	0.00086611
0.00007204	0.00006971
0.00001786	0.00096289
0.00055090	0.00047260
0.00024469	0.00004691
0.00006264	0.00093149
0.00016712	0.00197946
0.00013826	0.00076034
0.00011683	0.00041749
0.00004614	0.00014557
0.00006989	0.00026840
0.00018005	0.00238067
0.00005768	0.00079399
0.00004476	0.00056179
0.00019975	0.00224582
0.00029000	0.00281585
0.00003322	0.00008184
0.00023871	0.00012093
0.00002762	0.00031900
0.00004814	0.00016638
0.00014239	0.00214625
0.00011901	0.00033819
0.00006673	0.00087708
0.00006232	0.00045142
0.00012839	0.00016905
0.00017565	0.00110653
0.00003792	0.00464376
0.00078697	0.00437509
0.00004150	0.00029094
0.00012808	0.00094848
0.00014023	0.00041654
0.00116203	0.00055368
0.00006682	0.00031655
0.00082881	0.00065804
0.00011531	0.00027431
0.00003641	0.00040049
0.00012915	0.00065435
0.00020253	0.00364849
0.00011632	0.00125755
0.00003976	0.00036535
0.00009830	0.00012692
0.00009767	0.00161816
0.00081863	0.00066071
0.00011174	0.00137469
0.00039665	0.00332772
0.00017870	0.00068443
0.00001168	0.00111702
0.00000258	0.00010042
0.00008338	0.00067011
0.00014608	0.00019498
0.00003678	0.00013871
0.00003746	0.00065728
0.00021170	0.00143015
0.00006224	0.00086128
0.00031474	0.00795488
0.00019040	0.00005948
0.00019404	0.00411226
0.00001243	0.00003508
0.00001315	0.00011997
0.00002268	0.00003206
0.00012274	0.00050313
0.00019926	0.00088341
0.00005086	0.00176510
0.00002428	0.00125211
0.00007036	0.00029987
0.00000548	0.00120153
0.00012779	0.00132424
0.00012753	0.00152594
0.00010708	0.00012028
0.00012851	0.00037791
0.00005127	0.00002511
0.00001223	0.00019643
0.00001812	0.00043440
0.00056148	0.00189641
0.00013012	0.00006792
0.00015381	0.00010023
0.00012790	0.00004894
0.00002034	0.00112004
0.00001669	0.00063836
0.00000088	0.00026399
0.00005718	0.00001420
0.00001907	0.00020261
0.00005103	0.00054787
0.00002847	0.00079140
0.00008849	0.00040072
0.00029495	0.00005388
0.00006704	0.00024128
0.00004984	0.00396918
0.00010526	0.00029416
0.00005810	0.00089064
0.00004657	0.00009072
0.00001775	0.00014897
0.00010295	0.00046343
0.00021714	0.00006766
0.00015712	0.00035585
0.00002693	0.00084270
0.00016021	0.00041331
0.00034479	0.00682501
0.00030866	0.00170944
0.00002208	0.00026060
0.00007617	0.00024914
0.00007485	0.00036860
0.00015710	0.00184772
0.00008352	0.00000016
0.00003323	0.00021849
0.00042267	0.00087633
0.00008597	0.00004269
0.00049002	0.00874073
0.00013667	0.00100327
0.00011426	0.01021852
0.00003448	0.00050893
0.00009023	0.00021033
0.00008922	0.00003611
0.00003741	0.00030788
0.00002002	0.00036349
0.00016680	0.00021002
0.00002853	0.00015919
0.00056179	0.00051758
0.00001227	0.00033524
0.00028437	0.00010141
0.00000202	0.00089652
0.00071581	0.00135364
0.00047836	0.00136387
0.00006723	0.00019528
0.00012158	0.00066764
0.00025173	0.00015467
0.00019944	0.01099797
0.00017469	0.00014604
0.00004224	0.00079448
0.00000198	0.00119649
0.00183444	0.00147972
0.00022711	0.00016517
0.00065412	0.00417642
0.00001772	0.00030003
0.00005542	0.00049267
0.00011818	0.00000633
0.00002282	0.00003189
0.00059088	0.00341850
0.00028425	0.00015799
0.00142288	0.00071315
0.00011003	0.01029079
0.00055087	0.00225970
0.00007960	0.00029074
0.00007735	0.00080703
0.00014781	0.00173597
0.00036951	0.00379402
0.00009653	0.00081879
0.00003102	0.00171985
0.00002095	0.00025019
0.00008403	0.00162726
0.00012352	0.00016709
0.00048156	0.00229224
0.00006340	0.00219118
0.00001228	0.00034297
0.00027173	0.00187945
0.00015903	0.00018495
0.00069077	0.00105347
0.00000865	0.00034468
0.00002591	0.00008159
0.00000730	0.00003051
0.00073923	0.00037131
0.00003284	0.00011456
0.00001682	0.00009965
0.00006022	0.00020926
0.00020178	0.00039277
0.00027576	0.00003655
0.00009267	0.00023846
0.00019572	0.00053097
0.00006586	0.00309950
0.00010368	0.00114749
0.00002545	0.00029701
0.00025222	0.00267207
0.00006940	0.00043104
0.00012807	0.00342113
0.00014561	0.00006648
0.00001382	0.00046902
0.00050393	0.00094854
0.00006674	0.00007589
0.00001114	0.00021716
0.00004323	0.00016434
0.00000027	0.00098669
0.00018783	0.00154515
0.00047538	0.00071308
0.00020174	0.00054764
0.00047444	0.00052886
0.00012905	0.00220143
0.00003660	0.00061513
0.00005341	0.00019907
0.00001765	0.00178071
0.00024323	0.00172639
0.00053056	0.00219663
0.00002723	0.00006507
0.00020772	0.00255355
0.00017516	0.00044780
0.00043636	0.00649818
0.00008076	0.00059530
0.00048611	0.00568945
0.00012826	0.00042675
0.00011828	0.00002042
0.00007872	0.00010503
0.00005111	0.00002798
0.00037599	0.00100191
0.00011422	0.00087645
0.00023794	0.00081141
0.00005555	0.00125827
0.00016160	0.00003049
0.00002224	0.00107276
0.00019464	0.00028988
0.00014516	0.00156772
0.00003001	0.00010599
0.00024677	0.00079015
0.00017570	0.00081976
0.00006903	0.00048818
0.00002266	0.00035735
0.00012313	0.00016509
0.00032869	0.00116644
0.00019600	0.00025060
0.00002502	0.00047432
0.00000271	0.00039143
0.00059771	0.00395580
0.00028858	0.00098857
0.00001629	0.00026294
0.00014172	0.00077039
0.00133577	0.00230609
0.00015754	0.00008017
0.00013776	0.00084833
0.00012179	0.00245102
0.00020947	0.00134415
0.00002482	0.00037516
0.00012428	0.00237457
0.00007107	0.00011302
0.00004403	0.00007843
0.00023715	0.00364882
0.00012222	0.00055126
0.00015074	0.00095972
0.00001682	0.00037386
0.00003380	0.00091271
0.00003215	0.00057360
0.00000311	0.00013396
0.00001516	0.00038968
0.00012317	0.00115999
0.00028364	0.00068548
0.00148750	0.00410074
0.00006786	0.00050094
0.00008050	0.00050404
0.00006587	0.00029021
0.00000672	0.00082178
0.00032512	0.00171172
0.00002319	0.00087108
0.00004155	0.00033269
0.00071193	0.00034989
0.00006241	0.00030345
0.00000310	0.00028025
0.00005732	0.00003848
0.00014671	0.00289733
0.00015659	0.00000608
0.00012362	0.00084485
0.00002419	0.00019163
0.00002288	0.00021113
0.00007991	0.00043381
0.00005317	0.00008711
0.00038202	0.00576288
0.00045410	0.00255278
0.00027536	0.00153644
0.00005099	0.00093157
0.00010430	0.00001153
0.00007598	0.00028336
0.00011132	0.00020876
0.00010402	0.00043407
0.00010800	0.00057151
0.00005459	0.00009893
0.00013053	0.00094834
0.00005639	0.00001996
0.00035252	0.00600432
0.00005914	0.00005970
0.00003980	0.00098991
0.00041386	0.00271156
0.00013927	0.00033042
0.00004559	0.00026013
0.00001296	0.00026640
0.00013514	0.00180885
0.00007961	0.01039918
0.00001744	0.00011605
0.00015017	0.00342516
0.00027495	0.00121016
0.00000883	0.00010195
0.00006070	0.00128333
0.00009458	0.00058953
0.00016954	0.00071892
0.00038612	0.00054406
0.00004830	0.00116614
0.00037803	0.00694315
0.00002548	0.00148760
0.00005489	0.00003531
0.00013338	0.00423724
0.00003992	0.00015071
0.00045912	0.00130926
0.00001651	0.00070680
0.00004264	0.00066670
0.00002563	0.00103602
0.00005621	0.00033335
0.00013509	0.00006225
0.00010512	0.00058870
0.00043351	0.00003192
0.00003853	0.00012829
0.00015637	0.00055642
0.00062576	0.00291317
0.00020313	0.00076061
0.00015514	0.00065826
0.00002867	0.00134910
0.00010157	0.00117526
0.00025272	0.00256978
0.00004647	0.00003203
0.00003932	0.00061631
0.00015374	0.00052164
0.00006590	0.00028620
0.00022234	0.00075888
0.00000265	0.00017429
0.00019614	0.00130210
0.00028398	0.00204992
0.00003481	0.00007453
0.00005488	0.00044468
0.00011100	0.00040122
0.00004964	0.00031646
0.00006296	0.00102834
0.00031883	0.00046071
0.00032371	0.00032875
0.00002034	0.00189640
0.00025499	0.00065635
0.00005083	0.00019206
0.00017354	0.00017220
0.00018498	0.00091611
0.00026221	0.00062782
0.00006427	0.00047572
0.00009596	0.00048606
0.00041560	0.00305166
0.00004202	0.00032271
0.00018899	0.00013560
0.00031128	0.00408095
0.00000736	0.00098211
0.00005698	0.00080732
0.00039634	0.00380695
0.00004231	0.00039734
0.00002854	0.00020074
0.00004615	0.00027368
0.00020717	0.00244809
0.00020583	0.00108780
0.00028571	0.00116767
0.00011295	0.00031514
0.00017619	0.00247445
0.00010225	0.00064007
0.00002312	0.00014749
0.00000873	0.00029157
0.00012645	0.00139951
0.00000866	0.00016773
0.00013651	0.00045125
0.00017913	0.00122280
0.00010326	0.00006767
0.00028822	0.00071507
0.00036376	0.00601598
0.00006646	0.00031951
0.00011028	0.00033121
0.00011738	0.00024583
0.00101529	0.00380243
0.00004567	0.00066456
0.00005883	0.00047433
0.00002226	0.00037101
0.00007183	0.00069376
0.00001034	0.00081115
0.00000237	0.00049617
0.00005459	0.00024890
0.00010577	0.00010134
0.00008626	0.00060563
0.00000193	0.00015586
0.00000119	0.00065568
0.00002892	0.00001780
0.00009930	0.00014600
0.00023434	0.00000245
0.00015268	0.00016784
0.00014696	0.00235568
0.00001628	0.00025546
0.00042556	0.00169416
0.00000748	0.00004683
0.00042363	0.00270998
0.00012990	0.00068774
0.00005367	0.00046844
0.00001091	0.00123341
0.00003341	0.00088809
0.00018432	0.00002075
0.00046731	0.00004958
0.00012505	0.00047980
0.00009373	0.00126135
0.00001891	0.00021291
0.00006479	0.00153644
0.00007603	0.00094277
0.00010248	0.00061709
0.00009209	0.00023838
0.00003903	0.00000723
0.00004485	0.00124062
0.00154459	0.00072381
0.00004160	0.00031622
0.00030367	0.00097114
0.00005787	0.00025322
0.00047144	0.00883921
0.00010546	0.00005689
0.00014522	0.00054353
0.00005821	0.00039493
0.00004212	0.00090248
0.00036457	0.00044875
0.00003890	0.00020638
0.00012370	0.00010144
0.00008548	0.00066251
0.00015302	0.00062625
0.00015588	0.00144827
0.00006395	0.00057761
0.00003980	0.00164149
0.00008538	0.00004894
0.00011021	0.00088915
0.00010963	0.00161681
0.00040338	0.00164795
0.00024154	0.00060143
0.00008728	0.00072131
0.00043101	0.00853535
0.00006681	0.00044326
0.00011570	0.00049094
0.00003153	0.00029459
0.00016083	0.00177631
0.00006831	0.00028238
0.00012319	0.00571819
0.00004187	0.00007752
0.00006149	0.00004788
0.00015218	0.00020073
0.00005628	0.00019991
0.00013247	0.00066639
0.00049940	0.00211603
0.00001747	0.00016544
0.00062514	0.00113522
0.00010390	0.00003061
0.00003078	0.00086955
0.00023909	0.00037805
0.00000902	0.00017037
0.00005491	0.00003706
0.00001845	0.00177666
0.00007268	0.00098565
0.00036418	0.00144040
0.00000283	0.00008262
0.00007003	0.00019655
0.00025593	0.00536819
0.00022549	0.00147506
0.00031860	0.00393351
0.00003333	0.00095961
0.00004558	0.00005257
0.00000799	0.00016799
0.00002745	0.00016775
0.00052296	0.00134098
0.00037320	0.00526322
0.00003476	0.00039658
0.00028359	0.00352866
0.00009238	0.00020768
0.00076018	0.00711240
0.00002927	0.00060014
0.00005237	0.00048739
0.00029229	0.00468966
0.00006592	0.00492126
0.00021950	0.00147549
0.00001872	0.00127902
0.00012631	0.00050161
0.00002371	0.00037871
0.00042489	0.00286029
0.00000679	0.00002493
0.00005285	0.00002543
0.00002628	0.00022887
0.00007927	0.00089187
0.00005827	0.00056213
0.00008566	0.00048512
0.00002279	0.00050609
0.00008613	0.00100492
0.00000698	0.00007343
0.00020992	0.00010173
0.00019112	0.00165578
0.00035588	0.00168333
0.00018153	0.00351392
0.00042496	0.00240456
0.00024099	0.00003312
0.00006987	0.00005834
0.00016062	0.00073804
0.00020822	0.00056938
0.00008877	0.00052098
0.00012231	0.00142843
0.00009924	0.00030745
0.00001236	0.00063575
0.00005214	0.00030939
0.00011391	0.00120385
0.00037438	0.00033571
0.00037897	0.00021701
0.00008538	0.00053167
0.00021846	0.00023254
0.00019519	0.00011736
0.00010425	0.00000811
0.00001987	0.00000119
0.00014023	0.00002375
0.00032619	0.00173461
0.00011698	0.00002456
0.00011278	0.00096942
0.00020832	0.00581792
0.00005688	0.00105123
0.00000921	0.00028193
0.00015652	0.00408015
0.00001156	0.00022036
0.00025128	0.00023411
0.00006285	0.00005830
0.00009961	0.00036489
0.00006749	0.00013379
0.00019722	0.00436933
0.00040103	0.00434361
0.00004159	0.00022317
0.00012380	0.00114417
0.00007709	0.00000456
0.00001519	0.00014201
0.00023770	0.00986148
0.00005493	0.00131732
0.00000955	0.00065389
0.00008098	0.00004097
0.00000108	0.00059829
0.00002240	0.00000147
0.00022240	0.00022902
0.00008116	0.00063063
0.00000729	0.00053884
0.00017240	0.00305130
0.00167620	0.00311634
0.00018267	0.00057286
0.00015160	0.00073353
0.00001532	0.00002630
0.00002792	0.00140692
0.00003991	0.00058750
0.00022745	0.00016695
0.00003814	0.00029855
0.00002916	0.00042559
0.00031417	0.00402959
0.00008661	0.00001423
0.00023610	0.00276241
0.00002906	0.00004654
0.00018483	0.00045601
0.00017223	0.00011634
0.00009296	0.00456073
0.00006108	0.00142003
0.00040616	0.01126477
0.00022525	0.00001196
0.00004369	0.00021863
0.00001428	0.00137490
0.00032222	0.00001927
0.00039837	0.00225275
0.00003270	0.00024286
0.00034171	0.00171602
0.00014065	0.00029276
0.00009880	0.00162346
0.00010442	0.00128999
0.00010803	0.00047758
0.00000164	0.00002380
0.00003426	0.00012668
0.00002660	0.00070690
0.00002277	0.00008314
0.00003895	0.00058269
0.00002141	0.00165403
0.00005864	0.00012098
0.00036043	0.00086222
0.00004210	0.00055605
0.00068135	0.00564886
0.00011466	0.00067235
0.00011158	0.00063737
0.00005064	0.00029412
0.00018096	0.00311089
0.00001653	0.00028852
0.00012485	0.00015155
0.00005570	0.00078188
0.00007594	0.00165133
0.00006700	0.00108118
0.00002655	0.00125251
0.00040400	0.00055023
0.00003451	0.00002896
0.00037313	0.00025755
0.00010554	0.00072322
0.00018375	0.00021024
0.00006753	0.00023127
0.00000936	0.00016739
0.00000251	0.00094612
0.00008801	0.00045034
0.00009648	0.00075948
0.00006019	0.00136506
0.00030538	0.00015513
0.00004608	0.00000168
0.00003878	0.00006230
0.00004813	0.00112465
0.00020693	0.00431575
0.00016549	0.00079338
0.00005214	0.00010224
0.00006318	0.00015713
0.00049053	0.00721105
0.00030023	0.00005012
0.00018453	0.00113823
0.00007181	0.00009735
0.00063175	0.00418028
0.00016106	0.00005977
0.00023754	0.00200537
0.00007071	0.00031602
0.00000681	0.00059245
0.00004497	0.00014196
0.00003271	0.00052787
0.00030385	0.01049599
0.00007792	0.00051538
0.00007718	0.00029182
0.00010135	0.00019281
0.00004884	0.00001860
0.00027119	0.00132620
0.00048972	0.00091181
0.00020153	0.00022498
0.00018619	0.00086003
0.00008639	0.00007145
0.00004144	0.00048805
0.00006955	0.00157539
0.00006019	0.00003392
0.00092524	0.00367756
0.00042109	0.00031434
0.00027235	0.00069203
0.00043249	0.01192462
0.00029295	0.00576764
0.00004192	0.00118043
0.00002204	0.00011934
0.00003926	0.00010290
0.00004764	0.00003530
0.00017531	0.00054322
0.00020602	0.00216304
0.00018123	0.00383085
0.00003653	0.00008097
0.00004513	0.00031936
0.00005478	0.00037865
0.00044993	0.00278145
0.00008753	0.00022276
0.00004707	0.00006574
0.00004365	0.00033033
0.00004385	0.00001222
0.00007828	0.00549873
0.00001347	0.00124328
0.00007089	0.00007071
0.00010923	0.00058805
0.00019531	0.00018359
0.00001770	0.00033635
0.00000270	0.00106932
0.00005233	0.00010496
0.00011839	0.00101430
0.00029954	0.00403958
0.00061069	0.00606131
0.00035942	0.00501070
0.00011336	0.00156578
0.00105796	0.00210001
0.00050922	0.01185644
0.00013409	0.00009343
0.00004835	0.00019599
0.00002034	0.00126112
0.00034270	0.00255364
0.00010747	0.00230330
0.00029304	0.00023877
0.00008368	0.00020412
0.00003188	0.00107759
0.00001524	0.00017004
0.00002536	0.00045094
0.00009341	0.00076962
0.00022006	0.00137091
0.00006977	0.00134200
0.00001091	0.00006184
0.00021545	0.00053937
0.00012201	0.00006288
0.00009369	0.00061835
0.00012744	0.00025924
0.00008941	0.00004393
0.00046053	0.00122930
0.00022113	0.00018433
0.00002118	0.00007856
0.00001962	0.00024177
0.00003427	0.00004574
0.00013032	0.00170723
0.00081598	0.00435465
0.00006032	0.00533424
0.00027329	0.00055959
0.00013165	0.00012370
0.00004805	0.00012287
0.00003917	0.00046582
0.00027680	0.00085525
0.00009902	0.00127932
0.00015005	0.00032119
0.00001145	0.00012016
0.00004515	0.00001359
0.00021412	0.00061851
0.00005108	0.00017010
0.00069200	0.00028570
0.00012187	0.00164663
0.00021042	0.00004400
0.00013820	0.00017572
0.00020858	0.00019647
0.00044360	0.00181675
0.00004597	0.00003552
0.00023884	0.00030349
0.00046042	0.00081860
0.00002716	0.00065844
0.00011982	0.00020930
0.00022473	0.00026742
0.00048923	0.00156647
0.00000597	0.00017526
0.00002338	0.00037680
0.00014826	0.00174189
0.00056939	0.00155047
0.00008105	0.00003164
0.00035849	0.00103717
0.00010051	0.00023367
0.00015671	0.00037079
0.00002191	0.00216179
0.00018588	0.00028983
0.00029937	0.00393802
0.00040049	0.00069728
0.00026891	0.00051145
0.00018585	0.00101219
0.00081982	0.00222330
0.00007981	0.00062384
0.00001420	0.00020961
0.00005475	0.00015862
0.00030932	0.00095954
0.00002879	0.00042406
0.00001768	0.00026041
0.00048127	0.00032295
0.00005348	0.00135039
0.00011794	0.00280329
0.00008575	0.00025298
0.00015077	0.00107503
0.00016225	0.00130013
0.00011119	0.00089150
0.00020354	0.00260868
0.00043551	0.00469631
0.00013490	0.00043606
0.00023133	0.00071621
0.00157067	0.00165748
0.00004839	0.00017766
0.00044637	0.00185912
0.00006792	0.00213297
0.00007736	0.00017742
0.00003180	0.00079026
0.00006307	0.00005038
0.00001138	0.00020659
0.00001331	0.00074559
0.00011104	0.00016041
0.00012225	0.00061425
0.00053853	0.00219958
0.00001555	0.00009457
0.00002990	0.00057459
0.00016171	0.00022808
0.00014345	0.00003778
0.00007125	0.00083375
0.00007074	0.00077906
0.00000465	0.00059735
0.00002250	0.00008072
0.00020230	0.00129372
0.00001644	0.00064519
0.00018381	0.00014138
0.00006236	0.00029732
0.00003543	0.00027356
0.00005106	0.00016884
0.00005518	0.00043155
0.00051736	0.00700158
0.00152410	0.00124963
0.00003937	0.00040161
0.00002616	0.00016469
0.00005622	0.00537129
0.00012670	0.00706509
0.00002562	0.00048033
0.00001026	0.00058693
0.00008146	0.00076163
0.00014449	0.01263396
0.00002775	0.00035894
0.00002906	0.00016360
0.00005674	0.00048048
0.00028292	0.00162567
0.00014989	0.00077215
0.00032916	0.00184558
0.00001317	0.00046012
0.00008926	0.00027512
0.00001752	0.00083018
0.00000567	0.00018682
0.00003533	0.00012588
0.00033451	0.00006966
0.00010365	0.00005940
0.00023723	0.00172823
0.00007385	0.00023367
0.00007580	0.00137516
0.00016086	0.00026363
0.00001610	0.00039399
0.00028513	0.00050434
0.00000444	0.00014540
0.00008449	0.00008818
0.00002351	0.00037113
0.00012499	0.00234536
0.00000668	0.00074087
0.00003748	0.00032766
0.00013011	0.00002700
0.00011259	0.00270074
0.00004447	0.00103017
0.00001923	0.00017899
0.00012658	0.00106766
0.00002163	0.00019884
0.00003850	0.00183814
0.00023743	0.00018240
0.00020135	0.00186621
0.00019853	0.00117715
0.00021711	0.00010707
0.00002007	0.00092413
0.00018461	0.00151210
0.00000347	0.00005693
0.00000686	0.00014853
0.00017285	0.00058723
0.00011001	0.00038343
0.00009377	0.00009407
0.00028977	0.00119184
0.00024522	0.00039171
0.00006739	0.00064499
0.00014022	0.00094489
0.00000402	0.00016038
0.00001567	0.00219625
0.00005613	0.00021779
0.00009026	0.00098243
0.00006049	0.00009116
0.00058982	0.00634645
0.00030479	0.00108577
0.00018739	0.00000823
0.00016573	0.00000816
0.00010888	0.00055208
0.00000916	0.00022124
0.00003183	0.00011789
0.00016645	0.00035841
0.00037753	0.00145683
0.00006662	0.00018461
0.00020617	0.00036061
0.00025714	0.00555751
0.00014742	0.00322874
0.00020922	0.00150552
0.00031475	0.00022224
0.00000143	0.00039186
0.00002502	0.00015869
0.00020136	0.00056020
0.00002052	0.00019366
0.00043457	0.00040301
0.00032426	0.00010071
0.00000950	0.00014918
0.00001457	0.00013216
0.00002565	0.00019662
0.00016232	0.00118083
0.00026041	0.01052654
0.00004472	0.00050266
0.00002489	0.00068551
0.00007855	0.00027053
0.00006588	0.00109621
0.00023354	0.00069810
0.00002039	0.00073860
0.00011083	0.00085875
0.00009266	0.00002472
0.00018495	0.00121681
0.00000327	0.00029146
0.00001885	0.00108250
0.00007037	0.00017155
0.00001144	0.00010020
0.00029541	0.00283883
0.00005784	0.00015042
0.00001399	0.00031601
0.00000145	0.00012181
0.00004110	0.00026206
0.00011043	0.00024630
0.00036352	0.00481090
0.00000321	0.00027082
0.00008633	0.00016677
0.00027773	0.00044678
0.00019822	0.00015574
0.00004590	0.00188605
0.00042997	0.00102141
0.00026830	0.00134944
0.00001567	0.00043387
0.00001336	0.00005925
0.00015119	0.00004568
0.00025688	0.00284877
0.00007883	0.00087666
0.00017495	0.00316414
0.00001537	0.00050390
0.00004419	0.00085754
0.00002583	0.00014168
0.00009073	0.00039291
0.00006628	0.00942969
0.00001395	0.00035642
0.00094821	0.00417443
0.00028978	0.00137604
0.00009529	0.00055881
0.00010065	0.00152128
0.00007320	0.00058816
0.00000279	0.00016333
0.00001681	0.00059558
0.00011318	0.00081820
0.00019545	0.00086584
0.00017027	0.00104073
0.00015283	0.00023223
0.00069117	0.00086374
0.00000600	0.00062910
0.00004198	0.00020279
0.00001118	0.00028397
0.00006819	0.00022742
0.00006217	0.00128520
0.00007232	0.00319104
0.00008503	0.00050237
0.00069354	0.00018976
0.00000072	0.00003726
0.00000176	0.00035406
0.00001405	0.00001686
0.00000435	0.00029555
0.00001840	0.00048455
0.00001008	0.00157990
0.00008594	0.00061901
0.00006274	0.00112132
0.00040773	0.00024839
0.00033511	0.00080032
0.00036917	0.00222516
0.00001614	0.00025039
0.00016147	0.00013528
0.00003003	0.00037049
0.00009251	0.00008676
0.00005964	0.00005167
0.00006248	0.00014350
0.00009103	0.00083197
0.00008457	0.00038969
0.00010214	0.00045320
0.00012026	0.00043584
0.00012591	0.00049948
0.00000120	0.00014251
0.00013131	0.00016573
0.00010752	0.00139534
0.00006220	0.00009770
0.00009665	0.00074850
0.00039433	0.00379801
0.00078203	0.02970306
0.00004554	0.00013853
0.00005353	0.00039619
0.00037839	0.00251151
0.00002174	0.00029868
0.00059601	0.00048728
0.00013761	0.00138262
0.00011214	0.00072932
0.00008461	0.00049374
0.00004713	0.00010373
0.00003447	0.00138891
0.00020231	0.00199578
0.00006077	0.00169932
0.00040067	0.00206889
0.00010041	0.00022524
0.00005409	0.00026816
0.00010822	0.00119085
0.00000980	0.00110963
0.00005643	0.00015945
0.00002631	0.00058111
0.00010682	0.00112147
0.00009768	0.00010069
0.00008165	0.00006300
0.00004779	0.00079463
0.00005898	0.00032904
0.00041029	0.00200862
0.00023472	0.00102582
0.00028252	0.00134126
0.00017614	0.00248308
0.00002446	0.00004719
0.00020407	0.00045447
0.00002693	0.00013952
0.00042144	0.00380565
0.00000769	0.00052668
0.00010482	0.00095621
0.00005349	0.00177604
0.00003961	0.00014174
0.00012180	0.00050207
0.00015842	0.00015098
0.00027959	0.00000991
0.00017694	0.00073514
0.00002971	0.00024990
0.00008271	0.00089807
0.00004617	0.00014494
0.00006603	0.00036944
0.00013925	0.00013390
0.00008858	0.00086021
0.00007103	0.00071487
0.00033137	0.00049400
0.00048801	0.00315103
0.00017222	0.00172346
0.00012224	0.00006710
0.00000418	0.00093768
0.00005886	0.00101771
0.00004774	0.00032801
0.00001329	0.00012403
0.00007438	0.00219066
0.00007318	0.00015093
0.00000644	0.00154986
0.00056647	0.00054423
0.00004264	0.00094376
