# cos_tilts		 ppd_median		 ppd_lower		 ppd_upper
-1.000000000000000000		0.374194477608051690		0.187890619422963423		0.483494176758972383
-0.997997997997998043		0.374440007185777857		0.188226937544754003		0.483540472606394989
-0.995995995995995975		0.374723163929294389		0.188564369768914275		0.483581808805478131
-0.993993993993994018		0.374972694896345826		0.188902917984030416		0.483616796258771575
-0.991991991991991950		0.375226564040860466		0.189242584072349007		0.483651805443535254
-0.989989989989989994		0.375529132424876066		0.189578826576012049		0.483686836280766974
-0.987987987987988037		0.375831718390486236		0.189850816267481376		0.483721888691229895
-0.985985985985985969		0.376029273432656796		0.190166710514930226		0.483756962595453088
-0.983983983983984012		0.376278783035242537		0.190603127624279306		0.483797695813529105
-0.981981981981981944		0.376559892453025902		0.190952037158105936		0.483844518782337085
-0.979979979979979987		0.376805789841947791		0.191211259653489452		0.483891307112768843
-0.977977977977978030		0.377089532486624912		0.191518323448254452		0.483938060769944056
-0.975975975975975962		0.377348244446906622		0.191915489747891438		0.483984779719001668
-0.973973973973974005		0.377607146815635120		0.192276171211303554		0.484031463925099104
-0.971971971971971938		0.377853089952012611		0.192646221353801467		0.484078113353413497
-0.969969969969969981		0.378084017872572287		0.193033728880988520		0.484124727969140300
-0.967967967967968024		0.378271405564938878		0.193406240855895722		0.484171307737495005
-0.965965965965965956		0.378442737132324014		0.193801490854819070		0.484217852623711476
-0.963963963963963999		0.378731381452554028		0.194116324449824046		0.484264362593043340
-0.961961961961961931		0.378995438928962147		0.194472980010623991		0.484310837610763212
-0.959959959959959974		0.379201473190815708		0.194830782649163425		0.484357277642162964
-0.957957957957958017		0.379391095243824361		0.195334785048790094		0.484403682652554346
-0.955955955955955949		0.379671710055037526		0.195819101044313409		0.484450052607267756
-0.953953953953953993		0.379982878396771251		0.196257192335124897		0.484496387471653578
-0.951951951951951925		0.380282900829148063		0.196773831888930162		0.484542687211081513
-0.949949949949949968		0.380525814866630063		0.197291395834598871		0.484588951790940692
-0.947947947947947900		0.380709678478538815		0.197809883784053120		0.484635181176640006
-0.945945945945945943		0.380781946432162899		0.198329295340113232		0.484681375333607722
-0.943943943943943986		0.380964788659114817		0.198849630096477020		0.484727534227292034
-0.941941941941941918		0.381182280455249711		0.199137973560418374		0.484773657823160675
-0.939939939939939961		0.381356780638695159		0.199398260310244213		0.484819746086701031
-0.937937937937937893		0.381518597865291464		0.199659698900668814		0.484848233025617636
-0.935935935935935936		0.381570479341731161		0.199922292672700785		0.484857063435187752
-0.933933933933933980		0.381832121959311710		0.200186044966044224		0.484893938633952415
-0.931931931931931912		0.382026296643319496		0.200450959119015809		0.484939024948173703
-0.929929929929929955		0.382208084910245494		0.200802797942370659		0.484984081671235356
-0.927927927927927887		0.382445509880992851		0.201207629211119426		0.485029108756469873
-0.925925925925925930		0.382715887783699693		0.201699282318121315		0.485074106157227791
-0.923923923923923862		0.383006579970400773		0.202146207852459903		0.485119073826876135
-0.921921921921921905		0.383227375614818899		0.202458272384371307		0.485164011718799471
-0.919919919919919948		0.383517890628880198		0.202951809802965538		0.485208919786400017
-0.917917917917917880		0.383709368415159291		0.203357911919858192		0.485253797983096646
-0.915915915915915924		0.383974900975800004		0.203770528748586421		0.485298646262326605
-0.913913913913913856		0.384255855876608099		0.204202849854611512		0.485343464577543904
-0.911911911911911899		0.384533165226523366		0.204642296346393804		0.485388252882220983
-0.909909909909909942		0.384817240568487762		0.205085793544282691		0.485433011129847602
-0.907907907907907874		0.385101427266441920		0.205532974406590296		0.485477734090793978
-0.905905905905905917		0.385399788443951785		0.205981604727497575		0.485522269275839968
-0.903903903903903849		0.385693028469307642		0.206427069713794487		0.485566775184658628
-0.901901901901901892		0.385968531265203640		0.206916381354580653		0.485611251769145713
-0.899899899899899935		0.386204907137840503		0.207415796680794656		0.485655698981213746
-0.897897897897897868		0.386386391100186244		0.207968232415037119		0.485699214666969414
-0.895895895895895911		0.386637699546096947		0.208521604699303781		0.485742133493046513
-0.893893893893893843		0.386886470168850694		0.209075882336605873		0.485785781278392725
-0.891891891891891886		0.387167023700069335		0.209631064615620449		0.485830227746690824
-0.889889889889889929		0.387383141679267573		0.210187150815386248		0.485874643992116884
-0.887887887887887861		0.387679566497116657		0.210744140205285757		0.485919029967712690
-0.885885885885885904		0.387985376479766275		0.211251273892505281		0.485963385626538402
-0.883883883883883836		0.388291199121594099		0.211448241374854295		0.486007710921673053
-0.881881881881881879		0.388597033720007090		0.211956933419093579		0.486052005806214049
-0.879879879879879923		0.388902879571595972		0.212466655363169915		0.486096270233278172
-0.877877877877877855		0.389140632543032883		0.212977407036569699		0.486140504156000963
-0.875875875875875898		0.389423618394439286		0.213489188258093820		0.486184707527536508
-0.873873873873873830		0.389701533650060938		0.213641809506643687		0.486228880301058708
-0.871871871871871873		0.390001846444004596		0.214081683414088564		0.486273022429760005
-0.869869869869869916		0.390325010430894626		0.214615666998538485		0.486317133866852602
-0.867867867867867848		0.390582847186377480		0.215150637712722081		0.486361214565567634
-0.865865865865865891		0.390875806698199102		0.215686595092227817		0.486405264479155830
-0.863863863863863823		0.391012098250998030		0.216132236677978817		0.486449283560887513
-0.861861861861861867		0.391216258636066350		0.216329595557809701		0.486493271764052271
-0.859859859859859910		0.391476204711700304		0.216557759713157910		0.486537229041959729
-0.857857857857857842		0.391706236088650461		0.217049872979752978		0.486581155347939054
-0.855855855855855885		0.391972142401226131		0.217559759360356819		0.486625050635339285
-0.853853853853853817		0.392154137668462077		0.218070915469692511		0.486668914857529278
-0.851851851851851860		0.392419488797036364		0.218612700972207918		0.486712747967898041
-0.849849849849849903		0.392666801101036689		0.219155478595004866		0.486756549919854564
-0.847847847847847835		0.392916734652290267		0.219660224803861215		0.486800320666827879
-0.845845845845845878		0.393199998109594606		0.220116485951507374		0.486844060162267611
-0.843843843843843811		0.393483243360719104		0.220627316745151875		0.486887768359643258
-0.841841841841841854		0.393748875979540669		0.221019541905353584		0.486931445212444969
-0.839839839839839897		0.394033491775174993		0.221369707998573029		0.486975090674183320
-0.837837837837837829		0.394311157430484227		0.221760889220427609		0.487018704698389537
-0.835835835835835872		0.394592274512029717		0.222245295361241435		0.487060828147377944
-0.833833833833833804		0.394885060136482113		0.222730655095442209		0.487102380158013881
-0.831831831831831847		0.395173443446764749		0.223243744096910918		0.487143912191892181
-0.829829829829829890		0.395487537313442383		0.223801870154344440		0.487185424181406646
-0.827827827827827822		0.395810409372635785		0.224333798370927678		0.487226916058949522
-0.825825825825825866		0.396095551103479160		0.224739796993047886		0.487260641605327782
-0.823823823823823798		0.396393696499427184		0.225172120242604662		0.487262714177960410
-0.821821821821821841		0.396682675385349515		0.225608266802933971		0.487290814617499402
-0.819819819819819884		0.396934166881507511		0.226066656156725942		0.487335298071084611
-0.817817817817817816		0.397226400319186213		0.226563592644105943		0.487379743962691625
-0.815815815815815748		0.397518704770944864		0.226909902492950177		0.487424152258025378
-0.813813813813813791		0.397815372270234391		0.227286389667282901		0.487468522922812619
-0.811811811811811834		0.398112829967982473		0.227617237815702783		0.487512855922800636
-0.809809809809809877		0.398413682019621240		0.228033383401562262		0.487557151223759144
-0.807807807807807809		0.398688919632158523		0.228559157969464161		0.487601408791479007
-0.805805805805805742		0.398903532904790969		0.229064289135782029		0.487645628591772573
-0.803803803803803785		0.399077137002888216		0.229498940541490032		0.487689810590474171
-0.801801801801801828		0.399391245352865298		0.229881866614129460		0.487733954753439281
-0.799799799799799871		0.399715422354425920		0.230262521190199410		0.487778061046545752
-0.797797797797797803		0.400039507054011034		0.230798001830658239		0.487821957088197977
-0.795795795795795735		0.400322791823005120		0.231250166063954876		0.487862594527485260
-0.793793793793793778		0.400625842578802960		0.231691133199227045		0.487883811162332870
-0.791791791791791821		0.400945235605406403		0.232196427649473319		0.487927616817398546
-0.789789789789789753		0.401264558416339567		0.232657806117211180		0.487971385898016807
-0.787787787787787797		0.401583810307910349		0.233084591600375118		0.488014996636575382
-0.785785785785785729		0.401866709892158114		0.233580517300034762		0.488058297199009283
-0.783783783783783772		0.402107796714136490		0.234108723147407494		0.488101563277062001
-0.781781781781781815		0.402335194860226231		0.234637493057745006		0.488144794829729833
-0.779779779779779747		0.402587386729721164		0.235160528688676429		0.488188240319211320
-0.777777777777777790		0.402820531588111874		0.235693573022761838		0.488231774325669499
-0.775775775775775722		0.402986057673948850		0.236229532222396621		0.488256467533697891
-0.773773773773773765		0.403269137960194368		0.236764091250210473		0.488292945738885764
-0.771771771771771808		0.403492969688826308		0.237298529820353599		0.488329426364540464
-0.769769769769769741		0.403797315918759003		0.237834089424002054		0.488365909317010072
-0.767767767767767784		0.404045378919642706		0.238368758899515587		0.488402394502510662
-0.765765765765765716		0.404307087745688354		0.238766303971700622		0.488438881827127969
-0.763763763763763759		0.404559807573732388		0.239006749038804783		0.488475371196816721
-0.761761761761761802		0.404855114599600829		0.239457006275966944		0.488511862517401141
-0.759759759759759734		0.405128815696251032		0.240061988410305349		0.488548355694576109
-0.757757757757757777		0.405403403437025522		0.240667920350161185		0.488584850633906442
-0.755755755755755709		0.405696885832146470		0.241268936007278334		0.488621269346483256
-0.753753753753753752		0.405973972741500599		0.241868792324180376		0.488657647992655986
-0.751751751751751796		0.406260568213191564		0.242165174051479387		0.488696875610511394
-0.749749749749749728		0.406532506422226325		0.242606034339584969		0.488737920002158543
-0.747747747747747771		0.406797357469380172		0.242958790721249179		0.488778941047239068
-0.745745745745745703		0.407037511629388060		0.243507261474972148		0.488819938678319910
-0.743743743743743746		0.407362888234087173		0.244055276978061036		0.488860912827975225
-0.741741741741741789		0.407688156618707942		0.244612945793652836		0.488901863428786776
-0.739739739739739721		0.408013316085720834		0.245172670727075048		0.488942790413344541
-0.737737737737737764		0.408319948762268736		0.245733499279394585		0.488983693714246326
-0.735735735735735696		0.408610482507334671		0.246281624218127410		0.489024068381645027
-0.733733733733733740		0.408874039199067618		0.246843994832243036		0.489063225273136948
-0.731731731731731783		0.409127309553836138		0.247326224063064204		0.489102361788206208
-0.729729729729729715		0.409423424729248808		0.247805581544016051		0.489125792194165743
-0.727727727727727758		0.409740806449558903		0.248294526750399619		0.489167577614218252
-0.725725725725725690		0.410046908943076382		0.248777056983260192		0.489209333378979261
-0.723723723723723733		0.410344292551564960		0.249267959134092970		0.489251059431705382
-0.721721721721721776		0.410622489529524848		0.249756600430352999		0.489292755715674599
-0.719719719719719708		0.410925056758908391		0.250246525883114135		0.489334422174185268
-0.717717717717717640		0.411144285861897996		0.250737736038977643		0.489376058750557841
-0.715715715715715683		0.411274582418147294		0.251239117338779239		0.489417665388133138
-0.713713713713713727		0.411542518699312687		0.251724371956552340		0.489457339778649470
-0.711711711711711770		0.411808794140628875		0.252083348890331349		0.489489525439413542
-0.709709709709709702		0.412066271815444585		0.252483771149626723		0.489521729839317965
-0.707707707707707634		0.412363977037293883		0.252863744461541862		0.489553952882912757
-0.705705705705705677		0.412569448229190061		0.253226361662254651		0.489586194474448289
-0.703703703703703720		0.412814182849332023		0.253647585567111700		0.489625714306892168
-0.701701701701701763		0.413131914852990167		0.254175685428081666		0.489668860906823711
-0.699699699699699695		0.413402248443681897		0.254705016978963750		0.489711967073314491
-0.697697697697697627		0.413677275633195785		0.255235777862052704		0.489755032772563381
-0.695695695695695671		0.413938510500501011		0.255774042597115114		0.489798057970794509
-0.693693693693693714		0.414186674579813396		0.256320169001336085		0.489841036493352644
-0.691691691691691757		0.414436577138621420		0.256867502780893986		0.489883936424851341
-0.689689689689689689		0.414749536488893067		0.257372968313108186		0.489926796021513289
-0.687687687687687621		0.415066814044318888		0.257836716117669673		0.489969615249125579
-0.685685685685685664		0.415381234802860599		0.258370572179897673		0.490012394073500668
-0.683683683683683707		0.415694220393298175		0.259008704082827390		0.490055132460476217
-0.681681681681681750		0.416004450320010322		0.259646456730692143		0.490097830375914922
-0.679679679679679682		0.416253612426125186		0.260282016478391054		0.490140487785705237
-0.677677677677677615		0.416577664188217400		0.260709189724614987		0.490183104655760871
-0.675675675675675658		0.416901599751539620		0.261164822561723464		0.490225680952020848
-0.673673673673673701		0.417196153648553059		0.261783359988536413		0.490268216640449728
-0.671671671671671744		0.417430829430662897		0.262365900259569407		0.490310711687037437
-0.669669669669669676		0.417721238881059387		0.262639749382331367		0.490353166057799994
-0.667667667667667608		0.418036264951932024		0.263146323007353911		0.490395579718778341
-0.665665665665665651		0.418351220903996734		0.263550232225714665		0.490436036454589219
-0.663663663663663694		0.418649258263097956		0.264161327870217844		0.490476158269100071
-0.661661661661661737		0.418921005600090157		0.264261172993036753		0.490516253053046192
-0.659659659659659670		0.419238195173615380		0.264465379038467563		0.490556320741228069
-0.657657657657657602		0.419400971960554481		0.265065408741018971		0.490596361268462677
-0.655655655655655645		0.419723289861778093		0.265613120105598399		0.490635915487895424
-0.653653653653653688		0.419998341199128544		0.266146570225218038		0.490671010934840446
-0.651651651651651731		0.420273490205864464		0.266524795026560291		0.490701308648958723
-0.649649649649649663		0.420472377189782032		0.266904524463730197		0.490731629085018661
-0.647647647647647595		0.420753360595540971		0.267393751307058447		0.490763347162607833
-0.645645645645645638		0.421043456525156845		0.267986666186139033		0.490805407711806085
-0.643643643643643681		0.421340697806575626		0.268580751967968656		0.490847427886303811
-0.641641641641641725		0.421569619670304707		0.269043661350306995		0.490889407649573395
-0.639639639639639657		0.421889036133612727		0.269673274866256141		0.490931346965115145
-0.637637637637637589		0.422161316219542671		0.270337772173019630		0.490973245796458180
-0.635635635635635632		0.422454204302058711		0.270904420066443108		0.491015104107160261
-0.633633633633633675		0.422713492858028062		0.271452517726050446		0.491056921860807349
-0.631631631631631607		0.422954124089988559		0.271780684675423323		0.491098699021014218
-0.629629629629629650		0.423195025549433168		0.272357366108420873		0.491140435551424392
-0.627627627627627582		0.423480292397270475		0.272995005636492316		0.491182138890238706
-0.625625625625625625		0.423748775637007025		0.273520147056496077		0.491198557138732339
-0.623623623623623669		0.424033989991036697		0.274141953255733040		0.491233533572631331
-0.621621621621621601		0.424333931413143572		0.274710343253457223		0.491260543904452007
-0.619619619619619644		0.424631708434772270		0.275001779200481911		0.491272518692735638
-0.617617617617617576		0.424953754962942187		0.275549095979760295		0.491284552785837714
-0.615615615615615619		0.425267124685680398		0.276110919473529837		0.491306462383507336
-0.613613613613613662		0.425586197121786913		0.276741780439089702		0.491345582233550515
-0.611611611611611594		0.425905163852660973		0.277399458739415572		0.491385313857457651
-0.609609609609609637		0.426130393797708784		0.278011069108246023		0.491426660287284600
-0.607607607607607569		0.426426636155947558		0.278494598609031530		0.491467968911813657
-0.605605605605605612		0.426716380585105637		0.278981730630354474		0.491509239684798371
-0.603603603603603656		0.427013300269771023		0.279608594879434957		0.491550472560023932
-0.601601601601601588		0.427315941949663824		0.280200995480357373		0.491591667491306672
-0.599599599599599631		0.427628919294566756		0.280789501041947442		0.491632824432494231
-0.597597597597597563		0.427941818837697663		0.281379255891400115		0.491673943337466113
-0.595595595595595606		0.428160534502530499		0.281816064730912530		0.491714611807562374
-0.593593593593593649		0.428434069288594566		0.282312940671447909		0.491742620619295689
-0.591591591591591581		0.428724854345237105		0.282898564747001702		0.491774313157349985
-0.589589589589589513		0.429007322249231771		0.283586986933360041		0.491813142399348480
-0.587587587587587556		0.429320108999398653		0.284033288558787012		0.491851946927899575
-0.585585585585585600		0.429596297703259467		0.284609345310340878		0.491890726666725175
-0.583583583583583643		0.429851058614284187		0.285186704921011835		0.491927946299231589
-0.581581581581581575		0.430138844595656211		0.285765366840647461		0.491929721622439031
-0.579579579579579507		0.430411882200743112		0.286345330499753470		0.491962311553360288
-0.577577577577577550		0.430670379292810435		0.286950133083169023		0.492003499437770497
-0.575575575575575593		0.430993103836477154		0.287654933425724846		0.492044648129413842
-0.573573573573573636		0.431315690018372444		0.288130208624913564		0.492085757582757244
-0.571571571571571568		0.431585854056183771		0.288677716004995422		0.492126827752300711
-0.569569569569569500		0.431878835824884177		0.289258501939293478		0.492167858592577001
-0.567567567567567544		0.432164625356975196		0.289793040612921216		0.492208850058152292
-0.565565565565565587		0.432364642684016087		0.290439246516180249		0.492249766183639803
-0.563563563563563630		0.432623663036400541		0.290960998487374278		0.492290367599168111
-0.561561561561561562		0.432878464446104838		0.291455138695409177		0.492330931283364526
-0.559559559559559494		0.433147938838599922		0.291994802355903860		0.492368550636819391
-0.557557557557557537		0.433461351958358110		0.292683521171626881		0.492403341600912037
-0.555555555555555580		0.433780055676210030		0.293381201753098508		0.492438127334990816
-0.553553553553553623		0.434077375854925118		0.294003021682210430		0.492478856675890031
-0.551551551551551555		0.434363200699238727		0.294601138929096673		0.492520492832052736
-0.549549549549549488		0.434602782206770233		0.295200547013167947		0.492562083677690554
-0.547547547547547531		0.434886870390823410		0.295800284566625160		0.492603629182077452
-0.545545545545545574		0.435162199728728383		0.296403232125832305		0.492645129314516261
-0.543543543543543617		0.435471870964267760		0.297006507320117741		0.492686584044339071
-0.541541541541541549		0.435781464857052658		0.297625136872835594		0.492727993340906778
-0.539539539539539481		0.436090980496525948		0.298261875931155551		0.492769245693918057
-0.537537537537537524		0.436383059460985656		0.298925218159855899		0.492810451846082243
-0.535535535535535567		0.436672772202089998		0.299590896502129556		0.492851613145606049
-0.533533533533533610		0.436932379545035665		0.300258194013656776		0.492890049083252346
-0.531531531531531543		0.437210751407528797		0.300850201307856391		0.492928130712001034
-0.529529529529529475		0.437427588067157203		0.301360864716296140		0.492966185420559422
-0.527527527527527518		0.437644753844496970		0.301878963020968616		0.493004213133065472
-0.525525525525525561		0.437930334565912460		0.302493786147511712		0.493042313906308038
-0.523523523523523604		0.438243621871744371		0.303109886986181576		0.493080445521163424
-0.521521521521521536		0.438556598305740786		0.303748667578135234		0.493118548964671832
-0.519519519519519468		0.438869326644717728		0.304345917160414370		0.493156624163363699
-0.517517517517517511		0.439169805237465793		0.304965844123754104		0.493194671043789223
-0.515515515515515554		0.439470852709928805		0.305383433443742747		0.493232689532518032
-0.513513513513513598		0.439795426691659941		0.305930898528306461		0.493270679556139902
-0.511511511511511530		0.440002431954974571		0.306479823023823872		0.493308641041265206
-0.509509509509509462		0.440215733498317885		0.307027994867158704		0.493346573914524467
-0.507507507507507505		0.440468925573982095		0.307429541211703516		0.493384478102569246
-0.505505505505505548		0.440755583008808682		0.308071898020433332		0.493422353532071811
-0.503503503503503480		0.441046713453842110		0.308583969435135386		0.493460200129726023
-0.501501501501501523		0.441347087203715738		0.309061211042237216		0.493498017822246948
-0.499499499499499455		0.441540893434952841		0.309640380445363406		0.493535806536371358
-0.497497497497497498		0.441850107995116814		0.310301660311422256		0.493573566198858171
-0.495495495495495542		0.442159233702956012		0.310923755926584333		0.493611296736488514
-0.493493493493493474		0.442468269621203780		0.311485813464463746		0.493648998076065826
-0.491491491491491517		0.442777214811847397		0.312049329616434667		0.493686343979129028
-0.489489489489489449		0.443055418555852842		0.312654472395090643		0.493723562290596552
-0.487487487487487492		0.443311780362231289		0.313264382617571058		0.493760753525777307
-0.485485485485485535		0.443529410352798248		0.313748627543885272		0.493797917607243231
-0.483483483483483467		0.443835323607982668		0.314342391650715924		0.493835054457580525
-0.481481481481481510		0.444142798635010938		0.315039494505256090		0.493873866033078979
-0.479479479479479442		0.444457791799795832		0.315734375845761028		0.493913217508591018
-0.477477477477477485		0.444772660125353658		0.316420733299115242		0.493952528480259501
-0.475475475475475529		0.445089878449176801		0.317140392316258846		0.493992126718029889
-0.473473473473473461		0.445402018517883524		0.317843264372956458		0.494031744609677026
-0.471471471471471504		0.445673919148246056		0.318333039493553627		0.494071319762186156
-0.469469469469469436		0.445958603997442471		0.318917468134650051		0.494110852133581802
-0.467467467467467479		0.446261008381726443		0.319420426748306063		0.494150341681925342
-0.465465465465465522		0.446533191763174964		0.319795506543314789		0.494189788365315463
-0.463463463463463454		0.446826340967752200		0.320483481574203366		0.494229192141887819
-0.461461461461461497		0.447139104954234590		0.320979933714499011		0.494268552969815311
-0.459459459459459429		0.447392865572698140		0.321634288858528128		0.494307870807308203
-0.457457457457457473		0.447662194588218099		0.322329195310292638		0.494347145612614336
-0.455455455455455516		0.447888548087521876		0.322987687652617872		0.494386377344018635
-0.453453453453453448		0.448186831325840251		0.323448691955070811		0.494425565959843605
-0.451451451451451491		0.448476539093753623		0.323917647527301511		0.494464711418449610
-0.449449449449449423		0.448681197205182181		0.324520056979771598		0.494503813678234205
-0.447447447447447466		0.448936693005051901		0.325153990460434694		0.494542872697633473
-0.445445445445445398		0.449217251984443011		0.325507867585533850		0.494581888435120576
-0.443443443443443441		0.449511948863144384		0.326196707865302749		0.494616961816671086
-0.441441441441441484		0.449806609261622359		0.326960747779750371		0.494640911207858025
-0.439439439439439417		0.450101232100678816		0.327574878111943024		0.494680717895639110
-0.437437437437437460		0.450411035756565492		0.328211877050486878		0.494720476604554982
-0.435435435435435392		0.450739824095082176		0.328961748703338275		0.494760187305305354
-0.433433433433433435		0.451066995847046237		0.329618884927810551		0.494799849968621197
-0.431431431431431478		0.451378364549574473		0.330357918789254745		0.494839464565265508
-0.429429429429429410		0.451649775496678396		0.331097989787679403		0.494879031066032704
-0.427427427427427453		0.451943290471317760		0.331809856595790320		0.494918549441749012
-0.425425425425425385		0.452186047848212647		0.332480171002453140		0.494952052614567040
-0.423423423423423428		0.452487917715456378		0.333151744384303283		0.494985365519758858
-0.421421421421421472		0.452796977527672173		0.333726641780295041		0.495013005523488370
-0.419419419419419404		0.453116437365689517		0.334242665360686642		0.495041878887193199
-0.417417417417417447		0.453415881874751125		0.334695251049168196		0.495072021690006747
-0.415415415415415379		0.453718468436238309		0.335311843357022576		0.495102163219854396
-0.413413413413413422		0.454016927646371138		0.335843462258310022		0.495132303360996839
-0.411411411411411465		0.454321741734779683		0.336376691147233120		0.495163943928835837
-0.409409409409409397		0.454614143032942120		0.336953050420013611		0.495200372240392317
-0.407407407407407440		0.454934782250988046		0.337643986814795405		0.495236768289373464
-0.405405405405405372		0.455190838664399910		0.338386982927143976		0.495273132003476502
-0.403403403403403416		0.455483756759217151		0.339131045038621293		0.495309463310432185
-0.401401401401401459		0.455778049269279673		0.339876170130678223		0.495345762138004742
-0.399399399399399391		0.456067422428005242		0.340514232188703858		0.495384481255923326
-0.397397397397397434		0.456328054094827573		0.341134675649344521		0.495423863058125302
-0.395395395395395366		0.456630312554292206		0.341738132596011490		0.495463195990187288
-0.393393393393393409		0.456931608943143108		0.342370321885616169		0.495502480021260572
-0.391391391391391341		0.457234514449006368		0.343003910996076355		0.495541715120529802
-0.389389389389389384		0.457536455767457495		0.343630731862281213		0.495580901257214768
-0.387387387387387427		0.457834840937502541		0.344258309689465136		0.495620038400569285
-0.385385385385385359		0.458050056305358000		0.344885010091018906		0.495659126519881477
-0.383383383383383403		0.458360728442370635		0.345513970233205903		0.495698165584473993
-0.381381381381381335		0.458624064455701363		0.346149573398404575		0.495737155563703513
-0.379379379379379378		0.458906971834975141		0.346609366214745473		0.495776096426961965
-0.377377377377377421		0.459192302295554078		0.347150455742845976		0.495814614164048040
-0.375375375375375353		0.459464294706332987		0.347813969242223853		0.495852611378279795
-0.373373373373373396		0.459758472169140453		0.348478829016248659		0.495890563076373192
-0.371371371371371328		0.460052569646288878		0.349136641553236093		0.495928469224785229
-0.369369369369369371		0.460346586025611348		0.349784714629245541		0.495950130039084114
-0.367367367367367414		0.460640520194044611		0.350478292037493699		0.495971370495268404
-0.365365365365365347		0.460941291952361720		0.351151689260687683		0.495992637175146966
-0.363363363363363390		0.461238421010815247		0.351823248966839197		0.496023434332551583
-0.361361361361361322		0.461470750783743000		0.352456162741538681		0.496058959208284689
-0.359359359359359365		0.461773586359418897		0.353017511950960039		0.496094450804759335
-0.357357357357357408		0.462083421047416620		0.353698589484773507		0.496131986476758380
-0.355355355355355340		0.462402975343611411		0.354464048683706401		0.496170748835088327
-0.353353353353353383		0.462707325709265538		0.355121904354995077		0.496209462122804479
-0.351351351351351315		0.462963205860316585		0.355780127426509440		0.496248126305529669
-0.349349349349349358		0.463202291098433638		0.356439982589621618		0.496286685461279520
-0.347347347347347402		0.463519234573966488		0.357101212146382629		0.496324079782900385
-0.345345345345345334		0.463832428831113308		0.357763623766898409		0.496360829724828090
-0.343343343343343377		0.464147216329806378		0.358581116927622179		0.496397538499579960
-0.341341341341341309		0.464441855980080365		0.359295362391136908		0.496434206051912519
-0.339339339339339352		0.464752442291432311		0.359975807193501751		0.496470832326629474
-0.337337337337337395		0.465045235560269665		0.360436041693985798		0.496507417268582163
-0.335335335335335327		0.465323971081809562		0.361217094132236072		0.496543960822669495
-0.333333333333333370		0.465622313697741541		0.362035339869926365		0.496569721493383021
-0.331331331331331302		0.465914788606948682		0.362502789638900591		0.496607331979726230
-0.329329329329329346		0.466183786815451529		0.363070213270427489		0.496644896272858516
-0.327327327327327389		0.466500217500501468		0.363739718899057318		0.496682414329043531
-0.325325325325325321		0.466797303712343958		0.364410590768503628		0.496719886104589725
-0.323323323323323364		0.467089421953382322		0.365193212446979720		0.496757311555851122
-0.321321321321321296		0.467376070999845572		0.365923335033148223		0.496794690639227321
-0.319319319319319339		0.467667367922552757		0.366374253525943938		0.496832023311163440
-0.317317317317317271		0.467958703952929156		0.367073085337345784		0.496869309528150338
-0.315315315315315314		0.468249540027896982		0.367641787590996527		0.496896214230173106
-0.313313313313313357		0.468541576451919517		0.368373337422900737		0.496933326214804683
-0.311311311311311290		0.468849458976601685		0.368936924616287298		0.496955115975245776
-0.309309309309309333		0.469142007152797580		0.369504461253724992		0.496976918905636167
-0.307307307307307265		0.469414761556281590		0.370238485210937940		0.497013117612340682
-0.305305305305305308		0.469714406989303168		0.370881762787641678		0.497050513023379714
-0.303303303303303351		0.469996301234590463		0.371755485421232323		0.497087861563511757
-0.301301301301301283		0.470288338739140888		0.372559471645882823		0.497125163187607355
-0.299299299299299326		0.470602338221105532		0.373165410450021606		0.497162417850585181
-0.297297297297297258		0.470896511741253909		0.373912731197803216		0.497199625507411869
-0.295295295295295301		0.471199895331270602		0.374626399550444134		0.497236786113101625
-0.293293293293293345		0.471519815174012313		0.375249699842383821		0.497273899622717008
-0.291291291291291277		0.471786442584570420		0.375695599868403340		0.497310965991368314
-0.289289289289289320		0.472082194865669713		0.376426519151493888		0.497347985174214580
-0.287287287287287252		0.472367228159838004		0.377158669294458015		0.497384957126462635
-0.285285285285285295		0.472674143341774933		0.377892046914590052		0.497421881803368160
-0.283283283283283338		0.472981266388414534		0.378626648599709292		0.497458759160234854
-0.281281281281281270		0.473271416035293602		0.379355549668568715		0.497495589152415374
-0.279279279279279313		0.473554097457244638		0.379962849475093012		0.497532371735310841
-0.277277277277277245		0.473848400735740083		0.380574209203575986		0.497569106864371113
-0.275275275275275289		0.474144779546077588		0.381283458396998343		0.497605794495095122
-0.273273273273273332		0.474385400484646613		0.382001865466592150		0.497642434583030313
-0.271271271271271264		0.474659937804026710		0.382167569398557838		0.497679027083773762
-0.269269269269269307		0.474924524441043827		0.383077416333861887		0.497715571952971003
-0.267267267267267239		0.475207569790084161		0.383702518537058390		0.497752069146317144
-0.265265265265265282		0.475495423187443200		0.383922979573423417		0.497788518619556586
-0.263263263263263214		0.475781475714341762		0.384651634298944778		0.497824920328482967
-0.261261261261261257		0.476071885054011268		0.385474960153842916		0.497861274228939443
-0.259259259259259300		0.476329930668471513		0.386326882096207191		0.497897580276818907
-0.257257257257257232		0.476611441230712085		0.387119873465352093		0.497931719414945129
-0.255255255255255276		0.476897855246872449		0.388002012887423253		0.497967061610368966
-0.253253253253253208		0.477172167561891181		0.388265427293530585		0.498005105712673812
-0.251251251251251251		0.477462142773901088		0.388920971935076853		0.498040694375317894
-0.249249249249249294		0.477747299016450855		0.389811268167090608		0.498075406823575484
-0.247247247247247226		0.478031748598215234		0.390699491816047018		0.498110095685641630
-0.245245245245245269		0.478330932827036370		0.391403003245508141		0.498144878705411298
-0.243243243243243201		0.478619833230759517		0.392049949797213249		0.498179617363331939
-0.241241241241241244		0.478911676589986735		0.392828542865449548		0.498214236239283292
-0.239239239239239287		0.479205649333366623		0.393544595939664954		0.498251407436857696
-0.237237237237237220		0.479473100605921632		0.394109273657641479		0.498289088232154675
-0.235235235235235263		0.479794582501720190		0.394829146709597678		0.498324168117791899
-0.233233233233233195		0.480077276551231891		0.395687401085502266		0.498357093521065497
-0.231231231231231238		0.480373471616039049		0.396274627217614916		0.498390164829565663
-0.229229229229229281		0.480659642525666619		0.397042563182510355		0.498426809938251281
-0.227227227227227213		0.480944368368320885		0.397620783855648252		0.498462592980334851
-0.225225225225225256		0.481176357731545823		0.398154810047400665		0.498495884190707395
-0.223223223223223188		0.481458422753342163		0.398899649731344841		0.498533240777845943
-0.221221221221221231		0.481752485210182269		0.399739375337263669		0.498570543739390137
-0.219219219219219275		0.482025824860202290		0.400580103882610561		0.498595465132023630
-0.217217217217217207		0.482284571088856917		0.401264839072073887		0.498630826564434415
-0.215215215215215250		0.482539839300472173		0.402118397345247236		0.498668744336681846
-0.213213213213213182		0.482817650653911912		0.402862609552641526		0.498706719105765472
-0.211211211211211225		0.483106059206413363		0.403471232208106323		0.498744661725075977
-0.209209209209209268		0.483417146928178554		0.404335125503424819		0.498782501557792690
-0.207207207207207200		0.483706942534151252		0.405050384708523226		0.498820309174702603
-0.205205205205205243		0.484008985975150408		0.405843154891870228		0.498856897706606128
-0.203203203203203175		0.484295025754130859		0.406589927341114932		0.498887963246914534
-0.201201201201201219		0.484595354646371379		0.407145772193675093		0.498920082151526334
-0.199199199199199262		0.484916110378980525		0.407739589722765416		0.498956299056063479
-0.197197197197197194		0.485204657381839877		0.408481574009299853		0.498994720077608422
-0.195195195195195237		0.485489300475422658		0.409411689552248714		0.499033104068919209
-0.193193193193193169		0.485774826127862269		0.410208245616850431		0.499068548836877346
-0.191191191191191212		0.486051966545112513		0.410965796695475061		0.499104883395455556
-0.189189189189189144		0.486318838426861411		0.411779745709666190		0.499143605743847918
-0.187187187187187187		0.486615921161628828		0.412358013795489586		0.499182270125101191
-0.185185185185185230		0.486933058024324072		0.412983388361427284		0.499216415003843172
-0.183183183183183163		0.487215744720185806		0.413773726568663680		0.499248140488809611
-0.181181181181181206		0.487513798506557294		0.414037453401617073		0.499285436213770750
-0.179179179179179138		0.487786197225167695		0.414519155607200984		0.499322293501475611
-0.177177177177177181		0.488104403566862965		0.415230197944662205		0.499356780680770329
-0.175175175175175224		0.488414886322400321		0.415683900742292611		0.499394451792238903
-0.173173173173173156		0.488711704097549271		0.416454141464403738		0.499426290582452193
-0.171171171171171199		0.488963585995544792		0.417435548281931135		0.499463193616862533
-0.169169169169169131		0.489242663227745234		0.418417710764804218		0.499500545566159526
-0.167167167167167174		0.489532173110966751		0.419042807812730511		0.499537410951370831
-0.165165165165165218		0.489834604815331698		0.419711915313506823		0.499574133982308877
-0.163163163163163150		0.490135656196974245		0.420619197249344101		0.499610162262722424
-0.161161161161161193		0.490454177816720516		0.421196655395446040		0.499647553831776337
-0.159159159159159125		0.490738786247876924		0.421790434472788023		0.499683784154158483
-0.157157157157157168		0.491052865414981443		0.422579162368381944		0.499716014807333131
-0.155155155155155211		0.491361466624342325		0.423503067611360862		0.499749850030984932
-0.153153153153153143		0.491641757061328954		0.424123229398324197		0.499789104423614572
-0.151151151151151186		0.491879686195584809		0.424948672016908002		0.499831174685340829
-0.149149149149149118		0.492161555021350228		0.425580169996777502		0.499874647456701071
-0.147147147147147161		0.492471971365475936		0.426437427349677101		0.499912762474019556
-0.145145145145145205		0.492747584443627207		0.427009792948927602		0.499953498792232998
-0.143143143143143137		0.493039827467957159		0.427756160900747695		0.499992062395092862
-0.141141141141141180		0.493360535474739348		0.428602796575130340		0.500024067652674264
-0.139139139139139112		0.493644767290487008		0.429302037719014484		0.500075285335800035
-0.137137137137137155		0.493912267372733083		0.430225808730944570		0.500135573746931517
-0.135135135135135087		0.494145945025601274		0.430976885914422403		0.500198854584234076
-0.133133133133133130		0.494449098972937984		0.431745638340776172		0.500271723755901898
-0.131131131131131173		0.494697840185732818		0.432616955243091683		0.500349617082030962
-0.129129129129129105		0.495021962796132753		0.433120302041586025		0.500430985410776463
-0.127127127127127149		0.495287518525736326		0.433955260313934721		0.500530449765406504
-0.125125125125125081		0.495609825392687386		0.434908035425834449		0.500625935243321440
-0.123123123123123124		0.495893568045697397		0.435861652078941231		0.500716751961662765
-0.121121121121121167		0.496147874860068672		0.436816103467936978		0.500811667170744879
-0.119119119119119099		0.496406605588816940		0.437764755462227539		0.500919246059341572
-0.117117117117117142		0.496703149094863572		0.438305622809316120		0.501030352684313285
-0.115115115115115074		0.496977096025087994		0.438685995663187167		0.501147249790888538
-0.113113113113113117		0.497266253137563952		0.439373663233349365		0.501257363886775220
-0.111111111111111160		0.497544574075007073		0.440031069368064909		0.501388740822661050
-0.109109109109109093		0.497857357939393286		0.440673065637647243		0.501526691959762294
-0.107107107107107136		0.498083024232872207		0.441696662890580294		0.501677766214982168
-0.105105105105105068		0.498357076587222891		0.442564017045019020		0.501834540233885851
-0.103103103103103111		0.498623427364202065		0.443404216234798088		0.501976220556947017
-0.101101101101101154		0.498867460749432778		0.443946784946211870		0.502142787630855736
-0.099099099099099086		0.499134211264058880		0.444600858423258916		0.502322482385146096
-0.097097097097097129		0.499355975287181786		0.445327448689116834		0.502498175067550679
-0.095095095095095061		0.499628380223388013		0.446306699621268455		0.502696140331155727
-0.093093093093093104		0.499866544706846272		0.447216637468170641		0.502873190071858489
-0.091091091091091148		0.500039465050547971		0.448080713504386163		0.503078528177762219
-0.089089089089089080		0.500176159158206013		0.449104056772661797		0.503272455837897037
-0.087087087087087123		0.500299527028733038		0.449827300442666667		0.503480540218850359
-0.085085085085085055		0.500413410789951385		0.450736016328273092		0.503705472327898973
-0.083083083083083098		0.500537366905777548		0.451610553919422120		0.503939161013905901
-0.081081081081081141		0.500671004294769406		0.452469925995052036		0.504168665538388017
-0.079079079079079073		0.500793931318298524		0.453151952789278833		0.504397771751162960
-0.077077077077077116		0.500938282884638264		0.453725821572982135		0.504648602302320115
-0.075075075075075048		0.501067105109935795		0.454385925908345478		0.504889046659105722
-0.073073073073073092		0.501198066500379014		0.455081823999851309		0.505143271965976415
-0.071071071071071135		0.501319162591145839		0.455760847550071124		0.505409020074097270
-0.069069069069069067		0.501440612149471776		0.456632115103115688		0.505674729416051849
-0.067067067067067110		0.501590851877420585		0.457376033404043092		0.505967197685708192
-0.065065065065065042		0.501769266260470914		0.458045996193268523		0.506252925851981783
-0.063063063063063085		0.501952931728089635		0.458620627334505426		0.506520005635734627
-0.061061061061061017		0.502127422785237698		0.459363060449578142		0.506836632363265149
-0.059059059059059060		0.502296177095092444		0.460344484718808789		0.507133640867986180
-0.057057057057057103		0.502461295975520361		0.461051439342748948		0.507457877774353361
-0.055055055055055035		0.502626831015009934		0.461820494019471561		0.507792344341828294
-0.053053053053053079		0.502792298855414765		0.462502782863453699		0.508114191226158640
-0.051051051051051011		0.502958308315444969		0.463434829755119126		0.508429047955466396
-0.049049049049049054		0.503141192806481508		0.464056994697953029		0.508757639119661098
-0.047047047047047097		0.503310160359941472		0.464763865450563973		0.509082929117969485
-0.045045045045045029		0.503457502134588286		0.465492697236661368		0.509431459795682051
-0.043043043043043072		0.503608073506985998		0.466309349492448844		0.509795049154754376
-0.041041041041041004		0.503756999224691637		0.467027987391226418		0.510178127850192009
-0.039039039039039047		0.503898754282001260		0.467653229367736623		0.510533993013742804
-0.037037037037037090		0.504078677057512192		0.468375244040884930		0.510876393288012376
-0.035035035035035023		0.504292146494352278		0.469062778925516788		0.511270174385296428
-0.033033033033033066		0.504507408876393004		0.469650849709857876		0.511639419328010270
-0.031031031031030998		0.504687872148807282		0.470389173340550915		0.512009919197083940
-0.029029029029029041		0.504856263916701686		0.471138798844403184		0.512383784137153242
-0.027027027027027084		0.505050885838765340		0.471652440682817475		0.512799553963699362
-0.025025025025025016		0.505246649860203734		0.472461181734812774		0.513221456978036117
-0.023023023023023059		0.505464578856900770		0.473162211094795948		0.513647864196720594
-0.021021021021020991		0.505673110818583571		0.473982926621837775		0.514113258772883608
-0.019019019019019034		0.505852795852389292		0.474600149609194721		0.514522295790994177
-0.017017017017017078		0.506058880405421130		0.475114537360830258		0.514976009838477466
-0.015015015015015010		0.506278347327842049		0.475342812034200091		0.515402846641033641
-0.013013013013013053		0.506474260964794532		0.476025282145933315		0.515845405739056240
-0.011011011011010985		0.506665378932441124		0.476822414746258805		0.516282211766405763
-0.009009009009009028		0.506878145020377646		0.477480367746309198		0.516755814556019377
-0.007007007007006960		0.507056053602942591		0.478183838594199051		0.517238627188241762
-0.005005005005005003		0.507290938818903303		0.478762131133325719		0.517688976202611562
-0.003003003003003046		0.507492837365580485		0.479198426955042167		0.518188981646074298
-0.001001001001000978		0.507714618662553518		0.479556384338797936		0.518697233537525060
0.001001001001001089		0.507934200340362518		0.480260942676718927		0.519169854007587639
0.003003003003003046		0.508162211410951303		0.481217035635121360		0.519601352558035856
0.005005005005005003		0.508414392345128530		0.482027330492108053		0.520087502041058136
0.007007007007006960		0.508644710430968483		0.482799108086796103		0.520549635352015927
0.009009009009008917		0.508873773706597365		0.483810812493963571		0.521138722383811537
0.011011011011011096		0.509078795489741887		0.484618281324758482		0.521575061579598098
0.013013013013013053		0.509281944043560086		0.485201188049843302		0.522077593465201550
0.015015015015015010		0.509489568153595362		0.485822764693318865		0.522625122483502680
0.017017017017016967		0.509759506645542593		0.486377853800847082		0.523147417238295387
0.019019019019018923		0.510051495012296963		0.486968252523921341		0.523718975382656549
0.021021021021021102		0.510337710093060615		0.487868325031540595		0.524265239662505711
0.023023023023023059		0.510576721362104857		0.488587517898194656		0.524802746961420152
0.025025025025025016		0.510815993682884106		0.488937034027519590		0.525348764432257198
0.027027027027026973		0.511102841363920812		0.489494771067658818		0.525848314696330199
0.029029029029028930		0.511358257438995878		0.490123528962440103		0.526411672685714094
0.031031031031031109		0.511590704153692233		0.490794527045961382		0.526951471212099065
0.033033033033033066		0.511875416340280553		0.491375320692336859		0.527478308193302436
0.035035035035035023		0.512127404562357835		0.492087488131029649		0.528011639704290103
0.037037037037036979		0.512379390657958345		0.492794569335111066		0.528576756301966100
0.039039039039038936		0.512579710649397891		0.493497266209056817		0.529147391791957911
0.041041041041041115		0.512832315019072227		0.494086178230962902		0.529724161806049310
0.043043043043043072		0.513128803278361634		0.494766169283879675		0.530321671898082991
0.045045045045045029		0.513386947067939525		0.495219782219081139		0.530920854431369604
0.047047047047046986		0.513660008484472241		0.495531786867253354		0.531500107719511505
0.049049049049048943		0.513893886182141602		0.496036192961587463		0.532048052160622786
0.051051051051051122		0.514146042676912662		0.496872166653856862		0.532591873356309753
0.053053053053053079		0.514442006110607863		0.497285043458167320		0.533165533727389729
0.055055055055055035		0.514727453030473070		0.497824196680708597		0.533811192126114609
0.057057057057056992		0.515017855491823107		0.498352664000546508		0.534498740962884522
0.059059059059058949		0.515270291891388510		0.498748159815291414		0.535075118653504656
0.061061061061061128		0.515557462244514930		0.499163464221733855		0.535704617062234378
0.063063063063063085		0.515872521804668915		0.499469368315679951		0.536309081606745286
0.065065065065065042		0.516065209566702210		0.499962185284962002		0.536913154303658824
0.067067067067066999		0.516321078037656811		0.500086680617207402		0.537609772186792290
0.069069069069068956		0.516616652800018006		0.500169040298107714		0.538281155261177258
0.071071071071071135		0.516929482832800380		0.500291978137197835		0.538988601565778991
0.073073073073073092		0.517168732971449163		0.500346459621241135		0.539633521528358306
0.075075075075075048		0.517517985736978270		0.500390275710599020		0.540317396035960629
0.077077077077077005		0.517771978801167876		0.500513707968362698		0.540929658283272108
0.079079079079078962		0.518001465753687551		0.500599756651724959		0.541665366107786705
0.081081081081081141		0.518287466164881305		0.500631340201292518		0.542356775525220214
0.083083083083083098		0.518584595507231461		0.500713360503413085		0.542999220621895429
0.085085085085085055		0.518779033860091054		0.500770385197281898		0.543638639078287911
0.087087087087087012		0.519061654232543024		0.500796042678550157		0.544456664634638932
0.089089089089088969		0.519329312154693024		0.500930376956891354		0.545070671721118116
0.091091091091091148		0.519607581711255540		0.500948406875081687		0.545813858484919812
0.093093093093093104		0.519908813850229912		0.500977907661657618		0.546494284805076669
0.095095095095095061		0.520165369378312370		0.501030880175609927		0.547149889718880234
0.097097097097097018		0.520392405421841842		0.501079053625157700		0.547899456102719618
0.099099099099099197		0.520661135862857005		0.501117179939202351		0.548536040570299366
0.101101101101101154		0.520906222015497189		0.501145833881257108		0.549117607562179866
0.103103103103103111		0.521152875535239923		0.501162257088362817		0.549865865550697053
0.105105105105105068		0.521426446774667651		0.501175806216398789		0.550540455532061657
0.107107107107107025		0.521648652018776859		0.501231038358451619		0.551220438180189509
0.109109109109109204		0.521879767835871977		0.501239806574984015		0.551859150233918405
0.111111111111111160		0.522180637418420801		0.501378011923079958		0.552496299202392627
0.113113113113113117		0.522520335321626894		0.501405276701869074		0.553143423136126411
0.115115115115115074		0.522705467303081983		0.501494355612958409		0.553852676718622261
0.117117117117117031		0.522933851579544529		0.501582137048650067		0.554535118652415893
0.119119119119119210		0.523194909641770733		0.501622698492698360		0.555315083880795091
0.121121121121121167		0.523482452715563151		0.501634189193975621		0.556020073054942499
0.123123123123123124		0.523803324106657087		0.501662270909587260		0.556846716648942253
0.125125125125125081		0.524045491428864363		0.501703846281422061		0.557538647022196132
0.127127127127127038		0.524350033351187350		0.501722713783805396		0.558354698022053841
0.129129129129129216		0.524617059805699504		0.501758865508535545		0.559077165534631160
0.131131131131131173		0.524902948139886805		0.501793170402783595		0.559754872198336861
0.133133133133133130		0.525196123686577643		0.501809554269981750		0.560481022891811898
0.135135135135135087		0.525413188596023817		0.501858399064229022		0.561111424766952860
0.137137137137137044		0.525708818834036307		0.501891243503294948		0.561776953427765124
0.139139139139139223		0.525939753597290949		0.501936259024001186		0.562522485854421328
0.141141141141141180		0.526167679576795333		0.501962006321724719		0.563265460551114816
0.143143143143143137		0.526447690254056688		0.502037228410961545		0.563959456852616059
0.145145145145145094		0.526706677796192957		0.502093075826262392		0.564654605018089506
0.147147147147147050		0.526974054755964594		0.502154146295895054		0.565386314674080848
0.149149149149149229		0.527195527773289818		0.502167099512122461		0.566083414595285328
0.151151151151151186		0.527439097009608782		0.502221609429527094		0.566779478536462600
0.153153153153153143		0.527653158964881852		0.502279880939133894		0.567515203378832989
0.155155155155155100		0.527925747893635999		0.502355581403424067		0.568219436245417264
0.157157157157157057		0.528127192464476480		0.502369726540399242		0.568939941839817775
0.159159159159159236		0.528379065597998077		0.502412680520719745		0.569556585096497758
0.161161161161161193		0.528652590457064253		0.502426315265310786		0.570318857537071011
0.163163163163163150		0.528858166219355663		0.502522405279513973		0.571109751458539927
0.165165165165165106		0.529099022777135497		0.502536886196766841		0.571836787823705395
0.167167167167167063		0.529315468304220271		0.502573789246256397		0.572607750660392267
0.169169169169169242		0.529571013586750183		0.502589906364675265		0.573362400864453226
0.171171171171171199		0.529803669404527167		0.502620131902832390		0.574114350812519603
0.173173173173173156		0.530071514831566670		0.502638234036055787		0.574825245780559158
0.175175175175175113		0.530306131904631162		0.502730441708638787		0.575556567643933481
0.177177177177177070		0.530576400570306750		0.502779687073621084		0.576292901517158507
0.179179179179179249		0.530823125384294103		0.502807845965847822		0.577025394575954587
0.181181181181181206		0.531089595036508988		0.502822661638748114		0.577757599945038058
0.183183183183183163		0.531298730225666871		0.502883911941439554		0.578489113271536737
0.185185185185185119		0.531522557898513326		0.502948360966020136		0.579149923251393473
0.187187187187187076		0.531733089810367265		0.503027591098422322		0.579900092684731749
0.189189189189189255		0.531934822034340948		0.503045149549895765		0.580679436939929960
0.191191191191191212		0.532140031510110023		0.503088652283259608		0.581408118031363275
0.193193193193193169		0.532408490405081647		0.503106176689585016		0.582136075039036194
0.195195195195195126		0.532676716004940376		0.503123912743642432		0.582906960657399997
0.197197197197197083		0.532951507396476010		0.503172967460599918		0.583664452398442668
0.199199199199199262		0.533170290126139035		0.503188889055849131		0.584344463585997675
0.201201201201201219		0.533416423381333438		0.503255992566492449		0.585043053634862753
0.203203203203203175		0.533628820236628942		0.503273590368171986		0.585818261035791488
0.205205205205205132		0.533844909887798647		0.503290765895472281		0.586518064419092711
0.207207207207207089		0.534066830609057686		0.503325217979445072		0.587352965814803230
0.209209209209209268		0.534281041644887766		0.503382657598258954		0.588090199454157192
0.211211211211211225		0.534582825782519144		0.503398722080186878		0.588753646693858657
0.213213213213213182		0.534764977503046079		0.503469331112235574		0.589567900834852110
0.215215215215215139		0.534946915801746359		0.503511795181555644		0.590395090267982536
0.217217217217217318		0.535184036748873382		0.503528951979323125		0.591184128830002931
0.219219219219219275		0.535433244577883771		0.503556567873959637		0.591845056471123621
0.221221221221221231		0.535673162917405077		0.503572637397495804		0.592655123340889656
0.223223223223223188		0.535895196991376332		0.503604487042194626		0.593469574145791379
0.225225225225225145		0.536108187168492845		0.503698954155733292		0.594291739958023202
0.227227227227227324		0.536360454811003029		0.503729163587372075		0.595098988018698205
0.229229229229229281		0.536604551902117755		0.503772732096068654		0.595896373962917281
0.231231231231231238		0.536852251763122457		0.503790054783188279		0.596535014254947593
0.233233233233233195		0.537065798762310864		0.503812637489560178		0.597454415257860028
0.235235235235235152		0.537293477654025242		0.503829218246546806		0.598344449657875477
0.237237237237237331		0.537536376181630526		0.503922859352289532		0.599051163729602543
0.239239239239239287		0.537782658572352856		0.503939936423285051		0.599856681706007477
0.241241241241241244		0.538006745041740175		0.503956971380160601		0.600779074953243120
0.243243243243243201		0.538216119847416463		0.504013071152631942		0.601535448507368287
0.245245245245245158		0.538457292318872738		0.504029954757206022		0.602422133332332410
0.247247247247247337		0.538699213680174482		0.504082680268405636		0.603347896453678145
0.249249249249249294		0.538924203438176042		0.504126653206469100		0.604121460591404036
0.251251251251251251		0.539118471450946268		0.504143596505276181		0.604999730861408125
0.253253253253253208		0.539309866893398104		0.504171546281882432		0.605638111077528962
0.255255255255255165		0.539543222365167718		0.504188462257419201		0.606334654874050916
0.257257257257257343		0.539788489648656999		0.504205334838138453		0.606975493625264484
0.259259259259259300		0.540033013884873236		0.504240845700524187		0.607678174386918957
0.261261261261261257		0.540228135077078786		0.504257698819520095		0.608505733899461498
0.263263263263263214		0.540525704610541613		0.504348962503585074		0.609383344124418636
0.265265265265265171		0.540756447057165079		0.504391907434912801		0.610174660819635672
0.267267267267267350		0.540988411646050937		0.504417156902333019		0.610943487313134526
0.269269269269269307		0.541209642711701022		0.504448239096178197		0.611670261644510105
0.271271271271271264		0.541442884334196628		0.504512455722869957		0.612379422871664914
0.273273273273273221		0.541710385526705362		0.504578448246510436		0.613043328504188967
0.275275275275275177		0.541977546174763569		0.504628845279122995		0.613814211112149843
0.277277277277277356		0.542178433997624554		0.504659395988311554		0.614590882864289645
0.279279279279279313		0.542442127048844980		0.504677455760250582		0.615524688216801397
0.281281281281281270		0.542795658264961123		0.504695468882675247		0.616305946267528881
0.283283283283283227		0.543030538573909594		0.504713435327522553		0.617078035013442383
0.285285285285285184		0.543233290120744616		0.504732106092049548		0.617725613215427183
0.287287287287287363		0.543459045396025409		0.504760448847630050		0.618466547567817382
0.289289289289289320		0.543648452282164851		0.504778323186002242		0.619166153770838501
0.291291291291291277		0.543849405207095238		0.504804504594814407		0.619881088678105208
0.293293293293293234		0.544060461884284252		0.504868918041763148		0.620766359328496331
0.295295295295295190		0.544249557646121818		0.504886369592234541		0.621553367272357438
0.297297297297297369		0.544502164486509121		0.504905268292014098		0.622322038996797833
0.299299299299299326		0.544789534954373100		0.504922480752209801		0.623093547171930440
0.301301301301301283		0.544966890887371380		0.504967922211453701		0.623856321172062911
0.303303303303303240		0.545146413114532491		0.505059704905639117		0.624688962641708034
0.305305305305305197		0.545389540522088545		0.505090845009449230		0.625549442893203911
0.307307307307307376		0.545560187786952033		0.505108861757410210		0.626319865969249379
0.309309309309309333		0.545773471294631385		0.505130523170257528		0.626963134795654020
0.311311311311311290		0.545986552364398969		0.505149076746791215		0.627774365842425741
0.313313313313313246		0.546234555071502426		0.505167581190406167		0.628595883183785342
0.315315315315315203		0.546430863024313096		0.505186036461110155		0.629333930182975787
0.317317317317317382		0.546604520666065241		0.505218485232676984		0.630087144042524416
0.319319319319319339		0.546874627157117654		0.505236330214099638		0.630849761670620235
0.321321321321321296		0.547103663796634221		0.505253402646297922		0.631772214632384532
0.323323323323323253		0.547316513577519315		0.505270426330687306		0.632444167845826466
0.325325325325325210		0.547515878783486842		0.505292910068121826		0.633305364897297940
0.327327327327327389		0.547734393312263590		0.505309960888603915		0.634065760994301786
0.329329329329329346		0.547950696221113254		0.505327182421928200		0.634796828413771830
0.331331331331331302		0.548167824627164402		0.505344132351054132		0.635484036471166802
0.333333333333333259		0.548349471362912899		0.505422604301562939		0.636170024603275763
0.335335335335335216		0.548547886083482705		0.505488518394518027		0.636846168002943802
0.337337337337337395		0.548740532560066052		0.505505532622236520		0.637511708577107483
0.339339339339339352		0.548942595603493122		0.505522496955565948		0.638220604608093156
0.341341341341341309		0.549218103064320173		0.505539411381660142		0.638960794218303652
0.343343343343343266		0.549401373446885888		0.505559942738527668		0.639703981855343384
0.345345345345345223		0.549604829287864582		0.505614450941559657		0.640438316440977817
0.347347347347347402		0.549847150198785495		0.505650294013422541		0.641108651004590469
0.349349349349349358		0.550030386998712872		0.505669103197754377		0.641920912623469064
0.351351351351351315		0.550256502187844609		0.505693562868688495		0.642724690527786580
0.353353353353353272		0.550427456294328765		0.505717969942972356		0.643401662084805537
0.355355355355355451		0.550604347391900562		0.505748320337057633		0.644137489443777689
0.357357357357357408		0.550825146691001466		0.505766568073276024		0.644872061563248722
0.359359359359359365		0.551033620417689329		0.505787954068473100		0.645605370305552762
0.361361361361361322		0.551200102027341265		0.505805635138774301		0.646337407538142505
0.363363363363363279		0.551366120000947202		0.505823264449143495		0.647219350343712918
0.365365365365365458		0.551545532807127592		0.505840841966646804		0.648108504732353818
0.367367367367367414		0.551767597108432595		0.505858367658442276		0.648990593679263594
0.369369369369369371		0.551997256035277939		0.505875841491779998		0.649758545548884792
0.371371371371371328		0.552253587780868083		0.505893263434002427		0.650496360576817478
0.373373373373373285		0.552416847217995111		0.505910633452544278		0.651231311249876543
0.375375375375375464		0.552723099943128959		0.505927951514933194		0.651959510298129041
0.377377377377377421		0.552899411534486629		0.505945217588788521		0.652688910345505802
0.379379379379379378		0.553088951356128344		0.505988510520126167		0.653416018871112003
0.381381381381381335		0.553258442582922561		0.506005074601259652		0.654097762722530063
0.383383383383383292		0.553443046555971652		0.506021587040037857		0.654710735105990316
0.385385385385385471		0.553660168938035047		0.506042865983223122		0.655322293059514394
0.387387387387387427		0.553842068646518193		0.506059426305267568		0.655932431538780225
0.389389389389389384		0.554031929283528290		0.506097296680781183		0.656751046496046431
0.391391391391391341		0.554206554202443247		0.506124824454645017		0.657547680900065323
0.393393393393393298		0.554377791259406116		0.506167345934833590		0.658358568847014047
0.395395395395395477		0.554564107737571588		0.506184170953042911		0.659033824296474946
0.397397397397397434		0.554742977004521132		0.506211437137073617		0.659682539153007341
0.399399399399399391		0.554906379650836223		0.506227650018709063		0.660329092911316584
0.401401401401401348		0.555074094303349863		0.506244416799290553		0.660972598093109487
0.403403403403403304		0.555246945934673608		0.506260534034126852		0.661678166143245927
0.405405405405405483		0.555428954520174600		0.506333476610232647		0.662462731415804140
0.407407407407407440		0.555640175125009295		0.506356392794375498		0.663432282147129238
0.409409409409409397		0.555842446801329992		0.506379251181009238		0.664180464289639727
0.411411411411411354		0.556002678715766696		0.506400916393620837		0.664897763119173035
0.413413413413413311		0.556163003630898878		0.506417672014811027		0.665722813281238390
0.415415415415415490		0.556330029093455192		0.506434202268720490		0.666414103108502798
0.417417417417417447		0.556485781161580428		0.506449972870569476		0.667291864299638049
0.419419419419419404		0.556696223089275910		0.506476083824324630		0.668223081253755069
0.421421421421421361		0.556870002956274646		0.506510357866056138		0.668927164702764809
0.423423423423423317		0.557028046366919161		0.506526179738672200		0.669621818871092400
0.425425425425425496		0.557249646046303782		0.506541948232050676		0.670297732965176252
0.427427427427427453		0.557410656101252511		0.506582346014613605		0.671023854760487870
0.429429429429429410		0.557800323658303121		0.506604616526290297		0.671768342568713761
0.431431431431431367		0.557959610026040220		0.506626827268364499		0.672608507861431892
0.433433433433433324		0.558126771283318113		0.506648978063734656		0.673507530515453423
0.435435435435435503		0.558287805893054268		0.506740119459884730		0.674220796203702122
0.437437437437437460		0.558477786910461793		0.506759538943333476		0.674908049027902690
0.439439439439439417		0.558627172381571668		0.506775682925492799		0.675576821605562094
0.441441441441441373		0.558806664278689413		0.506791771695872306		0.676280198587656978
0.443443443443443330		0.559024101945718055		0.506807805229711583		0.677019586190619971
0.445445445445445509		0.559186629072984109		0.506823783502332814		0.677677293617116594
0.447447447447447466		0.559387668716730735		0.506841944315122195		0.678315103963751387
0.449449449449449423		0.559541664327035893		0.506860100373037414		0.678978016426116771
0.451451451451451380		0.559695156143461880		0.506878197897113525		0.679642132123477904
0.453453453453453337		0.559848143583771884		0.506896236809999401		0.680304594160139886
0.455455455455455516		0.560000626067499230		0.506914217034572179		0.680965395030546095
0.457457457457457473		0.560152603015950712		0.506932138493936923		0.681624527241532774
0.459459459459459429		0.560309965120365128		0.506950001111427961		0.682281983312467588
0.461461461461461386		0.560493467570817305		0.506967931229597712		0.682937755775392952
0.463463463463463343		0.560655145818367062		0.506984566404521719		0.683591837175163475
0.465465465465465522		0.560824993566037988		0.507000343563583700		0.684244220069589515
0.467467467467467479		0.560988413600707947		0.507016199973768233		0.685044601556699662
0.469469469469469436		0.561163383016504147		0.507039861818015969		0.685837382194542045
0.471471471471471393		0.561334254865029081		0.507057462890456723		0.686539746713665577
0.473473473473473572		0.561490381552576467		0.507074891701111530		0.687281771564172694
0.475475475475475529		0.561643757156624845		0.507092261096368735		0.688083066173763469
0.477477477477477485		0.561791208674681353		0.507109571002135717		0.688658504236602020
0.479479479479479442		0.561939295620677459		0.507126821344553114		0.689304152047845342
0.481481481481481399		0.562086536532513614		0.507144013871385302		0.689881562136175464
0.483483483483483578		0.562233261662824058		0.507161150118315862		0.690552030897436331
0.485485485485485535		0.562434972569195391		0.507178226571074808		0.691246933568578581
0.487487487487487492		0.562628294325633327		0.507195243156628117		0.692045202474981580
0.489489489489489449		0.562776021160709794		0.507212199802177355		0.692663442307794197
0.491491491491491406		0.562918896546507397		0.507230389750834787		0.693351823377990728
0.493493493493493585		0.563061255917735259		0.507247220016071587		0.694038374408022185
0.495495495495495542		0.563205889453400776		0.507263990133374310		0.694723086175466964
0.497497497497497498		0.563344424531554311		0.507280700031077170		0.695450417652492603
0.499499499499499455		0.563496396608863082		0.507297349637752748		0.696027479242139591
0.501501501501501412		0.563683710076100741		0.507313938882211768		0.696605081529896086
0.503503503503503591		0.563859286122336378		0.507330467693503540		0.697178256645907712
0.505505505505505548		0.564063005350534774		0.507346936000916959		0.697747912208299681
0.507507507507507505		0.564213831627267681		0.507363343733980732		0.698369494631384535
0.509509509509509462		0.564360758979713606		0.507379690822464036		0.699155510412370895
0.511511511511511419		0.564502474725231185		0.507395977196377079		0.699772067723212099
0.513513513513513598		0.564710940098516634		0.507412202785971100		0.700359077236755279
0.515515515515515554		0.564900614347000563		0.507428367521739587		0.700944221675269485
0.517517517517517511		0.565072133872919213		0.507444471334418612		0.701581421049434772
0.519519519519519468		0.565229351525260548		0.507460514154986497		0.702223897443527867
0.521521521521521425		0.565377279632733654		0.507476495914665926		0.702908473365506548
0.523523523523523604		0.565583174155952495		0.507492416544922831		0.703581438888828403
0.525525525525525561		0.565734908844861328		0.507508275977468171		0.704462263185715032
0.527527527527527518		0.565914842447086008		0.507524074144257598		0.705042292519246216
0.529529529529529475		0.566044754238312686		0.507539810977492123		0.705620402353207332
0.531531531531531432		0.566174145626034631		0.507591753554804015		0.706229861018084715
0.533533533533533610		0.566303016218921207		0.507605301263997721		0.706897765505113629
0.535535535535535567		0.566431365627152905		0.507618792239285521		0.707560798968778770
0.537537537537537524		0.566559193462423449		0.507632226464227676		0.708201756235166902
0.539539539539539481		0.566686499337941907		0.507645603922452282		0.708784705353332156
0.541541541541541438		0.566826132632596846		0.507658924597655603		0.709425887024734969
0.543543543543543617		0.567027340326113904		0.507672188473602071		0.710063606075901577
0.545545545545545574		0.567167764712503297		0.507685395534124395		0.710691653260263734
0.547547547547547531		0.567303639431979811		0.507698545763123454		0.711280622209241375
0.549549549549549488		0.567592346752896604		0.507711639144568405		0.711969895096069894
0.551551551551551444		0.567730065794531558		0.507724675662496794		0.712603582731533569
0.553553553553553623		0.567862454595900012		0.507737655301014446		0.713235168723186708
0.555555555555555580		0.568016156300977793		0.507750578044295464		0.713864644229926792
0.557557557557557537		0.568161201220093837		0.507763443876582565		0.714489781242734545
0.559559559559559494		0.568297977562722711		0.507795064283009023		0.715134959219605348
0.561561561561561451		0.568421742403938390		0.507808547857032111		0.715786092614883129
0.563563563563563630		0.568547912508012621		0.507821972308244551		0.716529108027494255
0.565565565565565587		0.568682169802612103		0.507835337605452075		0.717219642858092810
0.567567567567567544		0.568815861950038748		0.507848643717594306		0.717907930511726744
0.569569569569569500		0.568956018998886925		0.507861890613744649		0.718595303883157399
0.571571571571571457		0.569108307970008664		0.507875078263110846		0.719280988208338412
0.573573573573573636		0.569249200591462667		0.507888206635034756		0.719964388431112989
0.575575575575575593		0.569374437389103649		0.507901275698992571		0.720645492964546608
0.577577577577577550		0.569624459817115514		0.507914285424595047		0.721454876300188563
0.579579579579579507		0.569791209468730853		0.507927235781587383		0.722030819652568101
0.581581581581581464		0.569934933247276510		0.507940126739849451		0.722674243126663285
0.583583583583583643		0.570067239145604754		0.507952958269396238		0.723204863814322696
0.585585585585585600		0.570254112000584845		0.507965730340377508		0.723745533428789667
0.587587587587587556		0.570475958449298770		0.507978442923077922		0.724313128316476096
0.589589589589589513		0.570592328422182105		0.507991095987917252		0.724927507872922594
0.591591591591591470		0.570708157666002913		0.508003689505451050		0.725508309776822458
0.593593593593593649		0.570823445812452923		0.508017257478274753		0.726099244758693030
0.595595595595595606		0.570938192494890751		0.508031053363368845		0.726685693755497186
0.597597597597597563		0.571052397348342122		0.508044785349391681		0.727253655581408420
0.599599599599599520		0.571166060009503540		0.508058453374826469		0.727794665503694094
0.601601601601601477		0.571279180116742724		0.508072057378430197		0.728445996024679077
0.603603603603603656		0.571391757310101500		0.508085597299234193		0.729040271581854582
0.605605605605605612		0.571503791231297686		0.508099073076544228		0.729635314620954878
0.607607607607607569		0.571655996781851417		0.508112484649941298		0.730224808815369553
0.609609609609609526		0.571810059558917061		0.508125831959282181		0.730808766098302143
0.611611611611611705		0.571979794470272362		0.508139114944699322		0.731363117749359470
0.613613613613613662		0.572102953203593279		0.508152333546602053		0.731881288686362708
0.615615615615615619		0.572218631070461670		0.508165487705676155		0.732426944013761405
0.617617617617617576		0.572347785100860484		0.508178577362885076		0.732988721857648184
0.619619619619619533		0.572511562344041325		0.508191602459469927		0.733546550761294491
0.621621621621621712		0.572669267986121056		0.508204562936950377		0.734098328017181667
0.623623623623623669		0.572779462229687120		0.508217458737124095		0.734650593858750756
0.625625625625625625		0.572900555489572749		0.508230289802068746		0.735236876371207826
0.627627627627627582		0.573060585995924354		0.508243013563303592		0.735941221532809164
0.629629629629629539		0.573165815283303237		0.508255625551510826		0.736554977060788985
0.631631631631631718		0.573270497086556752		0.508268172978720401		0.737124594154636270
0.633633633633633675		0.573374631088462983		0.508280655790286251		0.737695557950180492
0.635635635635635632		0.573541882245939605		0.508293073931832984		0.738291749416674747
0.637637637637637589		0.573655520131363561		0.508305427349256655		0.738885338277347259
0.639639639639639546		0.573768567755076786		0.508317715988724439		0.739478283531813885
0.641641641641641725		0.573881024534218187		0.508329939796676400		0.740073830347411921
0.643643643643643681		0.573992956625741346		0.508342098719823943		0.740636069928041207
0.645645645645645638		0.574105928788047670		0.508354192705152030		0.741105027854320308
0.647647647647647595		0.574213511264154541		0.508366221699918741		0.741571671653982967
0.649649649649649552		0.574320719743967922		0.508376720856213327		0.742079157875707329
0.651651651651651731		0.574432092622935375		0.508386987266281620		0.742631310942362788
0.653653653653653688		0.574537300441910426		0.508397195557644399		0.743179176818639209
0.655655655655655645		0.574641928935274438		0.508407345718030923		0.743752735501918671
0.657657657657657602		0.574748703454736720		0.508417437735239064		0.744480063259192471
0.659659659659659559		0.574869511026613544		0.508427471597136416		0.745313074796998931
0.661661661661661737		0.574972969740447537		0.508437512886194987		0.745881616929489510
0.663663663663663694		0.575078889599726972		0.508454763380328245		0.746408038936040685
0.665665665665665651		0.575184211849433691		0.508473229991446285		0.746927093583345192
0.667667667667667608		0.575311001948171530		0.508484688735246881		0.747366038612212402
0.669669669669669565		0.575487893355608904		0.508496081540989020		0.747891528037456399
0.671671671671671744		0.575621342529148317		0.508507408357285140		0.748434220035710918
0.673673673673673701		0.575736146641983471		0.508539392367327703		0.748865644639712169
0.675675675675675658		0.575898952214607851		0.508548800514345700		0.749294695632610530
0.677677677677677615		0.576000635195273891		0.508558151145037551		0.749730010042662043
0.679679679679679571		0.576105783943732241		0.508567468066194572		0.750156323690454041
0.681681681681681750		0.576202880452018062		0.508576792398679811		0.750577813169297947
0.683683683683683707		0.576302073140226190		0.508586058751505199		0.751065242043336023
0.685685685685685664		0.576401347078143278		0.508595267115657501		0.751565395623166488
0.687687687687687621		0.576535460912209752		0.508604417482178883		0.752002755105768639
0.689689689689689578		0.576635416132114220		0.508613509842167022		0.752838000743041302
0.691691691691691757		0.576734757401552667		0.508622544186774772		0.753604013477886525
0.693693693693693714		0.576833484170414912		0.508631520507210944		0.754097402505385817
0.695695695695695671		0.577018724891735779		0.508640438794739747		0.754588000410347570
0.697697697697697627		0.577141541380343237		0.508649299040680791		0.755075799255267244
0.699699699699699584		0.577231703320276845		0.508658978092401459		0.755621908844433698
0.701701701701701763		0.577321283797390450		0.508669225578492701		0.756293490418416536
0.703703703703703720		0.577410282462696767		0.508679406750638274		0.756727283534446959
0.705705705705705677		0.577498698969429736		0.508689521564412050		0.757134865597766549
0.707707707707707634		0.577586532973045852		0.508699569975670118		0.757539926754600357
0.709709709709709591		0.577680643300753083		0.508709551940552007		0.757943372702268303
0.711711711711711770		0.577798502153182847		0.508719467415479909		0.758411359311380706
0.713713713713713727		0.577884436998867157		0.508729316357160122		0.758876484838706511
0.715715715715715683		0.577969788796113715		0.508739098722582717		0.759517233215284970
0.717717717717717640		0.578054557216314491		0.508748814469021982		0.759950450819979029
0.719719719719719597		0.578138741933067690		0.508758463554036200		0.760380911631425627
0.721721721721721776		0.578252407481342878		0.508768045935469648		0.760808609376377065
0.723723723723723733		0.578336122813276621		0.508777561571450931		0.761233537818829520
0.725725725725725690		0.578419249246153622		0.508787010420394203		0.761671754748485585
0.727727727727727647		0.578542505305174037		0.508796392440999723		0.762315932905114790
0.729729729729729826		0.578623183647206885		0.508805707592253631		0.762925206953895096
0.731731731731731783		0.578703279958104666		0.508814955833429061		0.763441389645756474
0.733733733733733740		0.578782793942753560		0.508824137124084919		0.763988071063438690
0.735735735735735696		0.578861725308151831		0.508833251424067545		0.764531255358373629
0.737737737737737653		0.578941159761147572		0.508842298693511164		0.765063644970536361
0.739739739739739832		0.579020819322168645		0.508851278892837100		0.765591215636850508
0.741741741741741789		0.579099883002926363		0.508860191982754451		0.766115293091922722
0.743743743743743746		0.579178350470554326		0.508869037924261081		0.766633240624982615
0.745745745745745703		0.579256221394656823		0.508877816678642847		0.767014371533238815
0.747747747747747660		0.579333495447309277		0.508886528207474820		0.767369758440748617
0.749749749749749839		0.579485461578544303		0.508895172472621060		0.767723266193894305
0.751751751751751796		0.579564255967812247		0.508903749436234620		0.768082786367079828
0.753753753753753752		0.579642433711121785		0.508912259060759098		0.768578856512986408
0.755755755755755709		0.579719994418859574		0.508920701308927081		0.769100569941594814
0.757757757757757666		0.579796937704433413		0.508929076143762149		0.769566608649187245
0.759759759759759845		0.579873263184276455		0.508937383528577758		0.769915639947242436
0.761761761761761802		0.579952810488785331		0.508945623426978799		0.770261952735614930
0.763763763763763759		0.580038083355876033		0.508953795802860709		0.770605542653684639
0.765765765765765716		0.580113416510059210		0.508961900620410468		0.770946405373610144
0.767767767767767673		0.580188123952213308		0.508969937844106601		0.771284536600420845
0.769769769769769852		0.580262205290046795		0.508977907438719734		0.771619932072106107
0.771771771771771808		0.580334219977705512		0.508985809369312370		0.771952587559705750
0.773773773773773765		0.580404181107385564		0.508993643601239221		0.772282498867398415
0.775775775775775722		0.580473537282429008		0.509001410100148211		0.772609661832590611
0.777777777777777679		0.580542288200929235		0.509008716267037364		0.772934072326003196
0.779779779779779858		0.580610433563579331		0.509015281295277955		0.773255726251759312
0.781781781781781815		0.580677973073674636		0.509021787178598917		0.773803099158746344
0.783783783783783772		0.580744906437115072		0.509028233909726846		0.774242208407142307
0.785785785785785729		0.580812335742558750		0.509034621481453842		0.774576376900942276
0.787787787787787686		0.580924656294405484		0.509040949886637950		0.774907172375778219
0.789789789789789864		0.580993240725635074		0.509047219118203276		0.775234580268918005
0.791791791791791821		0.581061188275069140		0.509053429169139759		0.775558778968209683
0.793793793793793778		0.581128498567854646		0.509059580032503400		0.775860650948664188
0.795795795795795735		0.581195171232606445		0.509065671701416367		0.776141911985216759
0.797797797797797692		0.581261205901410061		0.509071704169066552		0.776453621443655595
0.799799799799799871		0.581342073594920405		0.509077677428708020		0.776725173955411186
0.801801801801801828		0.581533459124188412		0.509083591473660890		0.776994119450533205
0.803803803803803785		0.581617929396393563		0.509089446297311343		0.777260455111851600
0.805805805805805742		0.581676965447202377		0.509095241893111838		0.777523947874234733
0.807807807807807698		0.581735403260844275		0.509100978254580117		0.777842553531676306
0.809809809809809877		0.581793242613642625		0.509106655375301198		0.778152035412158383
0.811811811811811834		0.581850483284193531		0.509112273248925162		0.778414572301152408
0.813813813813813791		0.581907125053365837		0.509117831869168480		0.778674422929815813
0.815815815815815748		0.581963167704304229		0.509123331229814347		0.778931584396595045
0.817817817817817705		0.582033006261973407		0.509128771324711349		0.779186053829285630
0.819819819819819884		0.582108594666436496		0.509134152147774466		0.779764906370287503
0.821821821821821841		0.582202265768898775		0.509139473692985067		0.780069181199345429
0.823823823823823798		0.582262177695063721		0.509144735954390470		0.780340033886879336
0.825825825825825754		0.582317285876533752		0.509177808825580280		0.780607935857812851
0.827827827827827711		0.582371771651975179		0.509183854436420891		0.780952633200971080
0.829829829829829890		0.582425634767131495		0.509189830939438259		0.781659389016125972
0.831831831831831847		0.582478874970629890		0.509195738307396173		0.781947510649959265
0.833833833833833804		0.582531492013982133		0.509201576513371168		0.782220848405858593
0.835835835835835761		0.582583485651587019		0.509207345530752975		0.782491031527627889
0.837837837837837718		0.582634855640732252		0.509213045333243852		0.782758055769449679
0.839839839839839897		0.582685479535689832		0.509218675894859918		0.783021916933915652
0.841841841841841854		0.582734089146178524		0.509224237189930706		0.783282610872137353
0.843843843843843811		0.582785221333658177		0.509229729193099168		0.783540133483854317
0.845845845845845767		0.582834094359683141		0.509235151879322667		0.783794480717541431
0.847847847847847724		0.582882342567084488		0.509240505223872320		0.784045648570515952
0.849849849849849903		0.582929965730521582		0.509245789202333654		0.784294637449707621
0.851851851851851860		0.582976963627555578		0.509251003790606838		0.784538795833494507
0.853853853853853817		0.583023336038650974		0.509256148964906230		0.784780036553157534
0.855855855855855774		0.583069082747176837		0.509261224701761828		0.785018447836936861
0.857857857857857731		0.583114203539409459		0.509266230978017598		0.785253660462846725
0.859859859859859910		0.583158698204533588		0.509271167770833921		0.785485670723416129
0.861861861861861867		0.583202566534643307		0.509276035057685483		0.785714474960723996
0.863863863863863823		0.583245808324745152		0.509280832816363049		0.785940069566495314
0.865865865865865780		0.583288423372758214		0.509285561024973021		0.786162450982196837
0.867867867867867959		0.583330411479516808		0.509290219661937993		0.786381615699129677
0.869869869869869916		0.583371772448771475		0.509294808705995750		0.786597560258522233
0.871871871871871873		0.583412506087190419		0.509299328136201268		0.786811076934333609
0.873873873873873830		0.583452612204361620		0.509303777931925161		0.787019775319778625
0.875875875875875787		0.583492090612793834		0.509308158072855122		0.787226039154546142
0.877877877877877966		0.583530941127917924		0.509312468538995033		0.787429069497756151
0.879879879879879923		0.583569163568088634		0.509316709310665860		0.787628863141610625
0.881881881881881879		0.583606757754586258		0.509320880368505646		0.787825416928764843
0.883883883883883836		0.583643723511616863		0.509324981693469403		0.788022279948862758
0.885885885885885793		0.583680060666315170		0.509329013266829334		0.788236622633640360
0.887887887887887972		0.583758494577655274		0.509332975070175276		0.788444941121799636
0.889889889889889929		0.583829659508817045		0.509336867085414702		0.789684165936515248
0.891891891891891886		0.583871810205068398		0.509340689294772275		0.789977859145330030
0.893893893893893843		0.583913195418768627		0.509344441680790849		0.790260240549528259
0.895895895895895800		0.583953814711479113		0.509348124226331467		0.790537510533211862
0.897897897897897979		0.583993667652786819		0.509351736914572806		0.790812879668527868
0.899899899899899935		0.584036293540559193		0.509355279729011956		0.790965902125363329
0.901901901901901892		0.584071072799722479		0.509358752653464308		0.791334941917797408
0.903903903903903849		0.584105410020542060		0.509362155672063999		0.791801072636318826
0.905905905905905806		0.584134665312839862		0.509365488769263242		0.791974155476839359
0.907907907907907985		0.584163306519740244		0.509368751929833552		0.792143644300378980
0.909909909909909942		0.584191333525469814		0.509371945138864635		0.792358063007998492
0.911911911911911899		0.584218746216733198		0.509375068381765717		0.792597272465229485
0.913913913913913856		0.584245544482713486		0.509378121644264659		0.792760776831337277
0.915915915915915813		0.584271728215073893		0.509381104912408733		0.792896802964620617
0.917917917917917991		0.584297297307957653		0.509384018172564290		0.793029656807272665
0.919919919919919948		0.584322251657988456		0.509386861411417313		0.793159336342655230
0.921921921921921905		0.584346591164272788		0.509389634615972864		0.793285543864026388
0.923923923923923862		0.584370315728398593		0.509392337773555970		0.793407336568011767
0.925925925925925819		0.584452652907676784		0.509394970871811070		0.793534354962369903
0.927927927927927998		0.584474162785590834		0.509397533898702348		0.793669462592883845
0.929929929929929955		0.584495084113777041		0.509400026842514064		0.793800899084591061
0.931931931931931912		0.584515416828761625		0.509402449691850112		0.793928661907461253
0.933933933933933869		0.584535160868855375		0.509404802435634796		0.794052748601797642
0.935935935935935825		0.584554316174153210		0.509407085063112275		0.794173156778317346
0.937937937937938004		0.584572882686535511		0.509409297563846897		0.794289884118228207
0.939939939939939961		0.584590860349667674		0.509411439927723309		0.794402928373305395
0.941941941941941918		0.584608249109000777		0.509413512144946456		0.794512287365963465
0.943943943943943875		0.584625048911771472		0.509415514206041919		0.794697377987409359
0.945945945945945832		0.584641259707002647		0.509417446101855576		0.795068752832319148
0.947947947947948011		0.584656881445503984		0.509419307823554046		0.795426675590957699
0.949949949949949968		0.584671914079870625		0.509421099362624252		0.795771103406987645
0.951951951951951925		0.584686357564485837		0.509422820710874191		0.795895735941666627
0.953953953953953881		0.584700211855519125		0.509424471860432382		0.796009189841060727
0.955955955955955838		0.584713476910927565		0.509426052803748308		0.796111555919531089
0.957957957957958017		0.584726152690455692		0.509427563533592198		0.796209391691645618
0.959959959959959974		0.584738239155635831		0.509429004043055467		0.796302694529387178
0.961961961961961931		0.584749736269787768		0.509430374325550051		0.796391461926180155
0.963963963963963888		0.584760643998020413		0.509431674374809407		0.796475691497001592
0.965965965965965845		0.584770962307229469		0.509432904184887847		0.796555380978491323
0.967967967967968024		0.584780691166100430		0.509434063750160759		0.796630528229051782
0.969969969969969981		0.584789830545106581		0.509435153065324831		0.796701131228945814
0.971971971971971938		0.584798380416510222		0.509436172125397935		0.796767188080387823
0.973973973973973894		0.584806340754362441		0.509437120925719134		0.796828697007628484
0.975975975975975851		0.584813711534503122		0.509437999461948898		0.796885656357036010
0.977977977977978030		0.584820492734561936		0.509438807730068888		0.796938064597169982
0.979979979979979987		0.584826684333957236		0.509439545726382170		0.796985920318850738
0.981981981981981944		0.584832286313896832		0.509440213447513224		0.797029222235222767
0.983983983983983901		0.584837298657377991		0.509440788341095407		0.797067969181813218
0.985985985985986080		0.584841721349187549		0.509441272430551706		0.797102160116584524
0.987987987987988037		0.584845554375901799		0.509441691977365663		0.797131794119979920
0.989989989989989994		0.584848797725887160		0.509442046980415064		0.797156870394967410
0.991991991991991950		0.584851451389299060		0.509442337438750337		0.797177388267073628
0.993993993993993907		0.584853515358083387		0.509442563351594657		0.797190244254812774
0.995995995995996086		0.584854989625975596		0.509442724718343620		0.797198504870409552
0.997997997997998043		0.584855874188500602		0.509442821538565571		0.797203461290125870
1.000000000000000000		0.584856169042973884		0.509442853812001717		0.797205113438424484
