# spin_magnitude		 ppd_median		 ppd_lower		 ppd_upper
0.000000000000000000		0.000000000000000000		0.000000000000000000		0.000000000000000000
0.001001001001001001		0.206056758644653171		0.000703724283814629		2.089206491777648722
0.002002002002002002		0.305784593431465024		0.002405421049151555		2.190828802802946118
0.003003003003003003		0.387723500871902660		0.004940426428719455		2.248993461799535520
0.004004004004004004		0.458077193398565785		0.008103882570870816		2.290312781997153380
0.005005005005005005		0.517820324632736084		0.012010579879853522		2.322462636898706023
0.006006006006006006		0.574634339831041174		0.016454477843886244		2.354876514582111113
0.007007007007007007		0.626331128351189315		0.021505480902555357		2.387778450878029535
0.008008008008008008		0.672790404069932846		0.027095974375045049		2.415534802501808631
0.009009009009009009		0.715936407148707321		0.033129383684802449		2.427724350274524934
0.010010010010010010		0.758599776081702259		0.039349953587879585		2.440256671976283709
0.011011011011011011		0.796758444284190848		0.046270664184987188		2.447990716350329166
0.012012012012012012		0.835709117895141906		0.053561191054688401		2.458918549773026818
0.013013013013013013		0.870348566743053276		0.061092680855237835		2.478660456714001814
0.014014014014014014		0.904786425841995312		0.069215086229632711		2.490152660738302437
0.015015015015015015		0.941049566939336835		0.077882224999773264		2.494134361521785692
0.016016016016016016		0.975604920919933116		0.086929053456569927		2.502534641654045267
0.017017017017017015		1.008914817415731191		0.096252109226098892		2.517900670753927539
0.018018018018018018		1.039045067963658253		0.106277680237502919		2.529310431911697243
0.019019019019019021		1.069966901213200927		0.116445818056792036		2.538929724805889521
0.020020020020020020		1.099752553914469910		0.126820793137025989		2.544355363227503997
0.021021021021021019		1.127765921285856177		0.137534563472362314		2.554507534154044190
0.022022022022022022		1.157946493434349078		0.147222948782484264		2.565126829180749635
0.023023023023023025		1.184370573375070457		0.156032590204107979		2.572085780202213456
0.024024024024024024		1.211018745947967545		0.166587153902449242		2.575846299279544560
0.025025025025025023		1.235352172312027541		0.178164206910393585		2.577243755926208468
0.026026026026026026		1.260270514236910611		0.190958428153170434		2.589508915854628057
0.027027027027027029		1.281891131353793511		0.202226941624870232		2.594693223349569422
0.028028028028028028		1.305659286474992076		0.213157119478174534		2.599818982237414922
0.029029029029029027		1.327114600082950124		0.225967408975985856		2.600519761039212785
0.030030030030030030		1.347083204922541633		0.238505746396757423		2.608417530485914959
0.031031031031031032		1.369205615712776991		0.251249621408549562		2.611250521783715417
0.032032032032032032		1.388553412389441188		0.264557348708931828		2.613883800611343844
0.033033033033033031		1.410024602578250352		0.277324730938785680		2.622368374337180175
0.034034034034034030		1.430085814712414471		0.289857590873563886		2.621786911642084661
0.035035035035035036		1.447955598524425014		0.301987245574846075		2.629941111369914708
0.036036036036036036		1.468284211064737388		0.315126110762594558		2.634171479015217976
0.037037037037037035		1.489264020595884475		0.329643838573448478		2.638092210018973205
0.038038038038038041		1.504762174122127538		0.344113154421640477		2.639389587719775054
0.039039039039039040		1.523838681822522467		0.358759080692166221		2.639398081439699784
0.040040040040040040		1.541753733098899737		0.373624873079615116		2.641574919276136413
0.041041041041041039		1.559509884021685888		0.385725883496734923		2.642087997219465745
0.042042042042042038		1.576676083296226771		0.397729928073026540		2.644013133544438343
0.043043043043043044		1.592164099585789749		0.413558526587249231		2.642549381433918043
0.044044044044044044		1.608385167660708159		0.429566309246234124		2.645196984394649675
0.045045045045045043		1.627563407160951936		0.443993341054276847		2.645549554164877026
0.046046046046046049		1.644962515625757238		0.457447344138605050		2.646482740107063414
0.047047047047047048		1.662172096093682327		0.470960428150685617		2.650017817616143301
0.048048048048048048		1.675662371658979799		0.483817013143182373		2.652422180160616705
0.049049049049049047		1.687433180293530954		0.497074051603090705		2.656927499638730428
0.050050050050050046		1.700805057153644828		0.511819243265154711		2.657491130676550739
0.051051051051051052		1.712390417146449462		0.525490596834751522		2.659070994444760139
0.052052052052052052		1.726382400345747747		0.539278288298818520		2.656438425449031637
0.053053053053053051		1.735633747530384019		0.553087970577615162		2.659977395813482914
0.054054054054054057		1.746174720109692435		0.567566564383554573		2.659497033338748651
0.055055055055055056		1.760125494659258827		0.582867498287988006		2.662220459443706666
0.056056056056056056		1.772454943689282247		0.599185190740195162		2.663026440685479113
0.057057057057057055		1.783193445069956251		0.615591127184947129		2.665570501201627973
0.058058058058058054		1.792863318464361200		0.630532001273257259		2.669115864271623284
0.059059059059059060		1.805572034050366703		0.645105237940906684		2.669396955786749182
0.060060060060060060		1.816303302404028930		0.659886192769190694		2.670505666797137856
0.061061061061061059		1.827977640526421865		0.674541089051573950		2.671783578805051462
0.062062062062062065		1.838126310120064666		0.689535026140292384		2.675048818240331361
0.063063063063063057		1.847634347407203004		0.703904417772850177		2.675202637366452585
0.064064064064064064		1.856940996356036155		0.718593761493458882		2.671998898172926129
0.065065065065065070		1.864342767783063959		0.734656004560952258		2.671787874321886136
0.066066066066066062		1.873847597803295351		0.751273782562381753		2.671363634614664750
0.067067067067067068		1.883439836197674966		0.765179342033534216		2.672170288675352001
0.068068068068068061		1.893364899764597986		0.779175723936863185		2.671575910471953197
0.069069069069069067		1.901246415973461446		0.793431054206012787		2.673017073239445374
0.070070070070070073		1.909582913451816522		0.810530541556689466		2.673427804974697786
0.071071071071071065		1.919449113045258226		0.826188258228874872		2.675004281777946691
0.072072072072072071		1.928534573456639034		0.840198109201391485		2.675274444056797041
0.073073073073073078		1.935117551790819235		0.857529956395644000		2.673681685761023719
0.074074074074074070		1.942833639180676419		0.874877613811239518		2.676228595914754038
0.075075075075075076		1.951177368346475038		0.891987386581457375		2.678497582712279890
0.076076076076076082		1.958665312287698024		0.908183575428404222		2.680427740630908495
0.077077077077077075		1.965611952698476994		0.923703086984711930		2.683477380820169955
0.078078078078078081		1.971879509555565013		0.938360845004354904		2.683835935814855134
0.079079079079079073		1.978719292772288529		0.951627691092282624		2.683674531635785065
0.080080080080080079		1.984426402711326309		0.965169052045416143		2.682605331743343147
0.081081081081081086		1.991383272168157248		0.982579041244220464		2.687353574301951653
0.082082082082082078		1.998714440722753505		0.998132258693296359		2.685632931544758240
0.083083083083083084		2.007949896222815500		1.014627721048569464		2.687261662203705548
0.084084084084084076		2.016148071886250115		1.027247469601132890		2.689023878779959187
0.085085085085085083		2.022558433379026077		1.043946066455297306		2.687642605015332364
0.086086086086086089		2.028343796077139771		1.062024379825995402		2.688937615171389073
0.087087087087087081		2.035215870500990398		1.077367045981090898		2.689811381479125796
0.088088088088088087		2.041792512565946627		1.090551841472052530		2.690169856560594930
0.089089089089089094		2.047866107770300204		1.104871941617662223		2.690501742766809645
0.090090090090090086		2.053103888553817313		1.120351540032521243		2.690817216451159233
0.091091091091091092		2.059372040166377538		1.135924760380532472		2.689436267812301384
0.092092092092092098		2.064334156176848012		1.150337501717515920		2.692113097830229229
0.093093093093093091		2.071024119373732653		1.165150936284323091		2.691666305506204893
0.094094094094094097		2.075374255174875948		1.179239549826831324		2.691321675234503275
0.095095095095095089		2.080467936235444348		1.190525527266990125		2.691840057000459918
0.096096096096096095		2.085526219610736476		1.202916126192910218		2.689225744771089222
0.097097097097097101		2.090911294071588156		1.219741353831315989		2.689499364097683198
0.098098098098098094		2.094411727723646699		1.232433320245244879		2.688905878157706208
0.099099099099099100		2.098194763973337817		1.245306454736540003		2.688318581287613807
0.100100100100100092		2.103855030915816826		1.259987709876293493		2.687666035755656768
0.101101101101101098		2.107158810442288477		1.274396337988831229		2.687093871177785864
0.102102102102102105		2.111387671077825878		1.289258126926284387		2.687186734876953587
0.103103103103103097		2.116737997870471233		1.302656687418593418		2.687812063620960146
0.104104104104104103		2.121395870392810856		1.313273354511383051		2.691383587302731417
0.105105105105105109		2.125530682579194419		1.324624887315956290		2.694101310659387849
0.106106106106106102		2.130903637975715803		1.336600682070879120		2.696875089750463861
0.107107107107107108		2.134662382868643515		1.347416502517231329		2.698243071812683080
0.108108108108108114		2.138527368012899110		1.361959420802574039		2.698925681242180019
0.109109109109109106		2.141946012843452429		1.374749019981889031		2.697741712889132337
0.110110110110110113		2.144827740291924911		1.389050808056067066		2.696347399263402167
0.111111111111111105		2.148019025908773472		1.403377612885315928		2.699915296244312035
0.112112112112112111		2.151018469576950309		1.414187404896652289		2.701644897521942035
0.113113113113113117		2.154254770620652515		1.423241870800897590		2.702135976429619557
0.114114114114114110		2.157374173131852757		1.432733218777473283		2.703330412790583281
0.115115115115115116		2.161543343455400112		1.447680959525238009		2.703989722468926438
0.116116116116116108		2.164911573621473462		1.457574692682794160		2.702336341381240015
0.117117117117117114		2.168050454051146048		1.470159197910635207		2.701795319260746897
0.118118118118118121		2.171352702753845509		1.480426844089032912		2.701835800539543087
0.119119119119119113		2.174495451290529680		1.490481969068296442		2.702698665675470124
0.120120120120120119		2.176899224324547966		1.501031613088130046		2.704022278687085112
0.121121121121121125		2.180309631725838582		1.509021279507240187		2.706443839364396364
0.122122122122122118		2.183065582271879190		1.518991998255493803		2.703645446822185328
0.123123123123123124		2.185945537996470733		1.528890096416036570		2.705792279404029888
0.124124124124124130		2.187686899703464860		1.539343779481894492		2.706800879765394185
0.125125125125125136		2.189821402484371404		1.549394585718295136		2.707541074347040055
0.126126126126126115		2.191340258625045223		1.558529069362959429		2.708303620397130462
0.127127127127127121		2.192852492130756836		1.568878943136398307		2.707838521401884080
0.128128128128128127		2.194985823693061278		1.579159939209897612		2.707047993069510383
0.129129129129129133		2.196754676746876633		1.586730039093837474		2.710830104949849328
0.130130130130130139		2.198416360822442517		1.595682553110211899		2.710895833814831235
0.131131131131131118		2.200118138613323282		1.600557670491267404		2.709674399017253155
0.132132132132132124		2.203442571565348285		1.607582264921231685		2.711112913298711291
0.133133133133133130		2.204511873744351647		1.618131307059339496		2.711741019272190467
0.134134134134134136		2.206057380775765520		1.628605768364871587		2.711906707422814478
0.135135135135135143		2.207502030146422989		1.632680566341563555		2.713090346478598924
0.136136136136136121		2.209840925054858296		1.640987017203719089		2.713801177511134366
0.137137137137137127		2.212352584997509197		1.650403524966949753		2.714154395191533897
0.138138138138138133		2.212958922375273030		1.658688107852839932		2.715379456360445420
0.139139139139139140		2.215908386215709847		1.667843131099974396		2.714750211587880990
0.140140140140140146		2.217640183891424144		1.673227862156092760		2.714633764439577490
0.141141141141141152		2.217917319517019870		1.678037048818876054		2.715215451977057270
0.142142142142142131		2.218136125973636741		1.684642161210338829		2.714145848885650469
0.143143143143143137		2.219075742689081920		1.693589061726025635		2.715689179239648254
0.144144144144144143		2.221073148113793749		1.699815651739926547		2.717646098502787488
0.145145145145145149		2.221608383404302778		1.706842514936342647		2.719330923055431004
0.146146146146146155		2.221861744662048999		1.711893659230666609		2.717384740078653049
0.147147147147147134		2.221719313827527742		1.715590162714789813		2.719840712444538511
0.148148148148148140		2.222411977346350653		1.720422406874210441		2.721322888006031171
0.149149149149149146		2.222854711045722187		1.722787599586104834		2.723930085527068279
0.150150150150150152		2.223219677236361935		1.727713519967946310		2.724324301792445002
0.151151151151151159		2.223658097260273081		1.729533710967563920		2.724203744264812599
0.152152152152152165		2.223995690387019941		1.731972532877415816		2.724821467032767952
0.153153153153153143		2.225141199493633426		1.739898257482817900		2.725981997444157034
0.154154154154154149		2.225460914856438599		1.740447646112294855		2.728001043436420137
0.155155155155155156		2.226191114011602412		1.743019808639238333		2.727624115006724193
0.156156156156156162		2.228327397880370597		1.749691876436711757		2.726286696186161596
0.157157157157157168		2.229346397657125500		1.753770524925478691		2.727844283377418577
0.158158158158158146		2.230207881774310508		1.755512519343829236		2.728839759186488578
0.159159159159159153		2.230311688935682657		1.757201884753857080		2.729489731362483962
0.160160160160160159		2.231103182664010198		1.758056494632936895		2.729946889103089358
0.161161161161161165		2.231691559130656088		1.760202836217474642		2.730997068528281613
0.162162162162162171		2.231326110159713938		1.762035109383560005		2.731078262159772674
0.163163163163163150		2.231730039754473705		1.764757340721319068		2.731292275835790040
0.164164164164164156		2.232538153954176430		1.767038021847793905		2.731467967468939051
0.165165165165165162		2.232468323867628612		1.767113495065215867		2.732491266891117210
0.166166166166166168		2.231491441987707880		1.769754186015496167		2.732177506405140122
0.167167167167167174		2.230794631634474001		1.770504076241694369		2.733707096303555240
0.168168168168168153		2.230709096318073570		1.774250160108935104		2.734082866677959078
0.169169169169169159		2.230230294215031162		1.776237275210991173		2.733994955079189992
0.170170170170170165		2.230161928688250583		1.779190380646029412		2.732502674153482136
0.171171171171171171		2.229658639544827015		1.781114086601172097		2.731686609613176664
0.172172172172172178		2.227929714231125402		1.783844833354480297		2.732587407763188203
0.173173173173173184		2.227239438979162767		1.785853193120955806		2.733370336013736246
0.174174174174174162		2.227414831759816138		1.786893538437782203		2.733444666109233090
0.175175175175175168		2.226280712391391692		1.789773666555306786		2.733319773287841148
0.176176176176176175		2.225845638699708751		1.790111292978204149		2.732870171047778296
0.177177177177177181		2.224736232047614060		1.791160815141706664		2.731232241623714252
0.178178178178178187		2.223355719361275185		1.792866120201066282		2.731006951164610896
0.179179179179179165		2.224514924683470340		1.795000190780644767		2.730988243193588350
0.180180180180180172		2.224725587067025057		1.796258630720870997		2.730576657779084648
0.181181181181181178		2.224282514610008921		1.796658848432529432		2.729363127689739432
0.182182182182182184		2.223540391890073131		1.797336765515471280		2.731248013746707226
0.183183183183183190		2.223234739004591454		1.798648256520374078		2.732529912197348310
0.184184184184184196		2.223192760138920310		1.798697685594211171		2.734183686862052820
0.185185185185185175		2.222085557919813770		1.801786043576428797		2.735648673354886817
0.186186186186186181		2.221690361768141830		1.800269631388029978		2.736347792854277206
0.187187187187187187		2.219969390005640086		1.800670379114438946		2.736550372178138346
0.188188188188188193		2.218313379480400194		1.799478654267136157		2.738907107363667937
0.189189189189189200		2.217056596657815959		1.798433218090653041		2.736714188166275541
0.190190190190190178		2.217058268183217606		1.798846846379097864		2.737968586186761755
0.191191191191191184		2.214944394038385944		1.798269895043347777		2.737398027603017869
0.192192192192192191		2.214707123431317815		1.796945536090266859		2.735886667422991803
0.193193193193193197		2.214017832804413111		1.796180299899351906		2.734302390379870218
0.194194194194194203		2.212726000021830508		1.796268264545978210		2.734913528593561072
0.195195195195195181		2.211253828774460306		1.796649528303275067		2.733963895460090665
0.196196196196196188		2.210487984290037122		1.796591949036898672		2.732171846054148201
0.197197197197197194		2.209289696730770025		1.795146357757678945		2.732689459697450918
0.198198198198198200		2.207828526041856865		1.792234483525419586		2.731911163731167491
0.199199199199199206		2.206168358146460839		1.791715064827713144		2.733089310552739182
0.200200200200200185		2.205618167210673164		1.791512363429271115		2.731932487879472848
0.201201201201201191		2.202483222748606195		1.788955846713968345		2.732281056380355011
0.202202202202202197		2.201361199266107960		1.788879902168317049		2.727706825461185591
0.203203203203203203		2.201719639015256469		1.787642262574516527		2.727700753090065877
0.204204204204204209		2.199609748243315011		1.787140075740160761		2.727450452659128555
0.205205205205205216		2.197558841692733189		1.784968269292165122		2.725720399576528230
0.206206206206206194		2.196452553600611424		1.782903235149518206		2.725062822212287905
0.207207207207207200		2.194119578914282886		1.781612365137265508		2.724866567070875600
0.208208208208208206		2.194049845706991242		1.780186162355698709		2.724082130955817416
0.209209209209209213		2.192089763751883247		1.778469388170799359		2.723631833692885973
0.210210210210210219		2.191631179523783945		1.776765141313292773		2.721895131829455305
0.211211211211211197		2.189738878323661098		1.774289773967037354		2.719791548785956081
0.212212212212212203		2.187774595806988742		1.774072599723184984		2.720551751945615937
0.213213213213213210		2.184986207895803112		1.773543961146302861		2.718708850153728651
0.214214214214214216		2.181880912853601195		1.773447763202739891		2.719268434608901774
0.215215215215215222		2.180656156575093263		1.770421310113816871		2.719177075680396793
0.216216216216216228		2.177882502232383111		1.768715213638813122		2.718127104088679857
0.217217217217217207		2.175557833348080727		1.766551075787506253		2.717340941026978651
0.218218218218218213		2.172965634271333712		1.765826397570005701		2.714061019820451115
0.219219219219219219		2.171132359299810854		1.764163925854110415		2.713922655279949137
0.220220220220220225		2.168225419730975823		1.762915037537293950		2.711489952461423769
0.221221221221221231		2.166187565493985723		1.760846817697903077		2.708615428847679141
0.222222222222222210		2.164126727824132512		1.758498235702622425		2.706750188984218486
0.223223223223223216		2.161364069991702053		1.756227465880520144		2.705739843942794209
0.224224224224224222		2.158999000659158618		1.753227815200901540		2.704983850088763742
0.225225225225225228		2.156656177358127646		1.751030312870483163		2.702477831551311382
0.226226226226226235		2.154358623365197456		1.747506463284392186		2.700379846983027132
0.227227227227227213		2.152377127358605868		1.745420213375271201		2.697251475238376273
0.228228228228228219		2.149542273707834905		1.742411727967770219		2.696151479749683944
0.229229229229229226		2.146994450523883380		1.740488518492819381		2.693391134205363358
0.230230230230230232		2.145078781957685976		1.739005644526323557		2.691193821835151656
0.231231231231231238		2.142851031875946166		1.736411174473996955		2.689380416626096171
0.232232232232232216		2.140120288526979664		1.735042033902902459		2.688080502918744230
0.233233233233233223		2.138136243165016381		1.732418523548046707		2.686121375428460301
0.234234234234234229		2.135743289353002616		1.729827156791673426		2.685322962228863908
0.235235235235235235		2.132211085629385217		1.727327264422294117		2.683948157449385086
0.236236236236236241		2.128928850391432537		1.724524699891264445		2.679155228481839401
0.237237237237237247		2.125291707648653272		1.722258804246256547		2.677230089464807783
0.238238238238238226		2.121983047859857141		1.720033661001412195		2.678138194971522612
0.239239239239239232		2.119096523759715911		1.717396160727353127		2.677406131886357343
0.240240240240240238		2.115746957056526156		1.714799536271741198		2.673949678134233121
0.241241241241241244		2.113321132559198734		1.712094261043487275		2.670815322214816323
0.242242242242242251		2.110454720164947062		1.709479218019974045		2.666072778357793549
0.243243243243243229		2.106044190396302973		1.706152385181435527		2.665128953399859668
0.244244244244244235		2.103248306500479003		1.703069535040649951		2.663045633338210205
0.245245245245245241		2.099386587917424052		1.699578380384469956		2.660414363121377690
0.246246246246246248		2.095777207237289996		1.697038860988188125		2.658284705216866772
0.247247247247247254		2.091220446865840188		1.693868557253843443		2.655676133719157672
0.248248248248248260		2.088119494419447442		1.690026479743966359		2.652981431218112363
0.249249249249249238		2.085099937121383196		1.686847361019653713		2.648570485420483234
0.250250250250250272		2.081635528224607512		1.683715338761019753		2.646469834956421519
0.251251251251251251		2.078483106127261948		1.682091614524197531		2.643515357998853510
0.252252252252252229		2.074131675001243735		1.678042490623051775		2.640320484819808300
0.253253253253253263		2.071136658200619429		1.674334023937361415		2.640081873758492126
0.254254254254254242		2.066707188866041545		1.671029271153263496		2.637381903144989881
0.255255255255255276		2.063809036393038809		1.667866564659028716		2.635744356431524160
0.256256256256256254		2.060008791868845002		1.664697344696189019		2.634390614986148904
0.257257257257257232		2.056570151639677491		1.661636154340430549		2.631314142064234751
0.258258258258258266		2.052769641409382118		1.658361515113897511		2.629453985889362411
0.259259259259259245		2.048606922589385260		1.655194718615133453		2.629032952459846140
0.260260260260260279		2.045142249450928595		1.652024782092524902		2.625914862330708033
0.261261261261261257		2.041141180503446506		1.648854113356966744		2.622621170225917453
0.262262262262262236		2.037501665848177712		1.645151275250339884		2.621382217795257930
0.263263263263263270		2.033510372017608869		1.641546256201786624		2.619520416756895287
0.264264264264264248		2.028861815745541364		1.638866474874596024		2.617154345454144604
0.265265265265265282		2.024253896242635520		1.635240257504753103		2.615638439605365573
0.266266266266266260		2.019701419723742397		1.631271065366688644		2.614339443709062571
0.267267267267267239		2.015600956717259251		1.627542660253248785		2.613630871974153447
0.268268268268268273		2.010900974364933091		1.624101901994839725		2.612033157807884365
0.269269269269269251		2.006387598722062293		1.620007186704866875		2.608685634789782881
0.270270270270270285		2.002212182411027719		1.615997359053473303		2.604880567550977410
0.271271271271271264		1.997477746102494400		1.612396633371821819		2.601237214741260573
0.272272272272272242		1.993236051853243707		1.608314675866554744		2.596989639064607669
0.273273273273273276		1.989098440988811056		1.604594728694090922		2.593379837644998798
0.274274274274274255		1.984731251994866996		1.600643465889655115		2.590097098254542374
0.275275275275275289		1.981170875720413171		1.596649013492007940		2.587652813051899869
0.276276276276276267		1.976652181972430533		1.592619133129433262		2.583482597914068091
0.277277277277277301		1.972165728592422340		1.588560808107943423		2.579861830230106179
0.278278278278278279		1.967845283973183923		1.584607453835654711		2.575795605935305321
0.279279279279279258		1.963137102994159333		1.580893433896734424		2.573958595480035250
0.280280280280280292		1.959069165229052611		1.577051910589238437		2.570079927001200026
0.281281281281281270		1.956016005158991433		1.572884738127840354		2.565612064216933330
0.282282282282282304		1.951933338778457427		1.568787483715548658		2.560015644794532363
0.283283283283283283		1.948418509656895115		1.564766776057071596		2.556263672212979454
0.284284284284284261		1.945135588315813679		1.561779484978231380		2.551535204553603720
0.285285285285285295		1.940409020447753985		1.558330189482213468		2.546687204476371758
0.286286286286286273		1.936022671550940988		1.554642204579300246		2.543525508036933225
0.287287287287287307		1.930780864691738374		1.550897534390563104		2.538019430332342896
0.288288288288288286		1.925912817247519282		1.546989470609818618		2.533835234047496776
0.289289289289289264		1.921832091420264232		1.543384376774141753		2.530391628108482394
0.290290290290290298		1.917210254317531337		1.539698297197358734		2.526139846134416445
0.291291291291291277		1.912721368993822502		1.535715964092711161		2.524469579199876801
0.292292292292292311		1.908585100827218994		1.532035687822945080		2.521709474251182748
0.293293293293293289		1.903464549568909980		1.528358690387109364		2.517705349235113577
0.294294294294294267		1.899307624360008662		1.524578021272934292		2.514267206839123414
0.295295295295295301		1.894614949605344378		1.521063454765045009		2.511916195687047271
0.296296296296296280		1.888953334645824711		1.517548742908984671		2.507249346713811722
0.297297297297297314		1.884084504412096628		1.513305450650798800		2.501966537865927265
0.298298298298298292		1.879526649318846054		1.509416721367695668		2.497245762340937869
0.299299299299299271		1.875430080844395553		1.505860112827688058		2.494076577806848771
0.300300300300300305		1.870476434853276526		1.502483355221429617		2.489707220943771393
0.301301301301301283		1.865737773875993044		1.498961682546849472		2.486783314234492170
0.302302302302302317		1.860827500620183539		1.495532753993336739		2.482223375357331729
0.303303303303303295		1.856072459667050367		1.491365715761722388		2.479237468341860762
0.304304304304304329		1.851169437933445572		1.488650961329856415		2.475877849117166907
0.305305305305305308		1.846127043623072339		1.484640931529727315		2.471917576628077207
0.306306306306306286		1.841235613719014008		1.480293018237419655		2.469103058386310057
0.307307307307307320		1.836747732736897731		1.476569857992564572		2.465518344671110196
0.308308308308308299		1.832558475427310096		1.473216982209254677		2.462188020565381663
0.309309309309309333		1.827446317772058126		1.469746549825749815		2.456869429166776975
0.310310310310310311		1.823216487948455367		1.465679830870907585		2.452259234323606929
0.311311311311311290		1.819217755484419330		1.461703805753278518		2.447268743161419291
0.312312312312312323		1.814378762462901085		1.457639564932197818		2.443455279961260995
0.313313313313313302		1.809441844244724873		1.453721753493023572		2.439670238598350860
0.314314314314314336		1.804088248378312498		1.449775655375991068		2.434404049144787141
0.315315315315315314		1.798674360130248839		1.446003726384051946		2.429465647718057841
0.316316316316316293		1.793237487295013199		1.442370883885657484		2.423739350939531967
0.317317317317317327		1.788869966415677304		1.438852318780323936		2.419741877872064517
0.318318318318318305		1.783087997320885076		1.435045270777980830		2.413124248507060088
0.319319319319319339		1.777877058803546628		1.431084503734774804		2.408781144809925223
0.320320320320320318		1.772567664968196732		1.427108516739522326		2.404320299955403417
0.321321321321321296		1.768286171773773896		1.423554510293050246		2.399971709253499785
0.322322322322322330		1.763153020098010337		1.420498628206987357		2.394831341940919955
0.323323323323323308		1.757371482069113755		1.416996503912034910		2.389755245911413084
0.324324324324324342		1.751942358033502511		1.413130325800176612		2.384742685274976015
0.325325325325325321		1.746608061723276428		1.409058629156933806		2.379258210347079405
0.326326326326326299		1.742107640828199244		1.404995615931471820		2.373888693106910086
0.327327327327327333		1.737178933296215533		1.401565441070931062		2.368029229345958164
0.328328328328328312		1.732112269823971928		1.397687125397195862		2.362788592034166690
0.329329329329329346		1.727656402976535777		1.393721323699935288		2.356599573282601945
0.330330330330330324		1.724165392469351410		1.390081994923255237		2.352080505853495929
0.331331331331331302		1.719159369221836542		1.386351436871115839		2.343812273988872708
0.332332332332332336		1.714931438607136371		1.382629823173320505		2.337014992003213276
0.333333333333333315		1.710043051774167600		1.379152690017487526		2.330291893803792647
0.334334334334334349		1.704959561429839621		1.374930302185747300		2.326089486968177411
0.335335335335335327		1.700177749972614283		1.371111723811144545		2.323289214105601630
0.336336336336336306		1.695231011224756390		1.367437924570518826		2.317790276958323847
0.337337337337337340		1.690119898872594284		1.363512106649866995		2.312102317037166621
0.338338338338338318		1.685031812824488551		1.359083721740058426		2.308188331677790917
0.339339339339339352		1.679997023595579897		1.354895050365707565		2.300532669230574534
0.340340340340340330		1.675339231481521418		1.351748235590529701		2.293828519426918788
0.341341341341341364		1.670628126212513331		1.347817409831569613		2.288440217600722804
0.342342342342342343		1.665391807925561185		1.343695866838911179		2.283149463484637653
0.343343343343343321		1.660377163133726963		1.339611296082223291		2.275709318015567639
0.344344344344344355		1.654673404995362862		1.335757267545084170		2.269119157126381570
0.345345345345345334		1.649638738854525499		1.331653006860817223		2.262272554091596444
0.346346346346346368		1.644775908425345712		1.328297548932575012		2.256451923844653873
0.347347347347347346		1.639160949530232170		1.324898620274982175		2.250958790496741191
0.348348348348348325		1.634471092219474286		1.321893286796914202		2.244621522058217522
0.349349349349349358		1.629597570744986568		1.318341343916667574		2.238244458883888122
0.350350350350350337		1.624869955675556810		1.313740427189708626		2.231852363665647321
0.351351351351351371		1.620757548668333214		1.309274422062219889		2.224712697129195060
0.352352352352352349		1.614857077240829497		1.305048666910896049		2.219196299050868237
0.353353353353353328		1.609633721788239935		1.300534969943101249		2.214528426929057936
0.354354354354354362		1.604884325852103721		1.296584739850370260		2.208427858817175515
0.355355355355355340		1.600457856989027094		1.292221990081315663		2.200689086854740850
0.356356356356356374		1.595726711748957749		1.287762291944466231		2.192303792670064144
0.357357357357357353		1.590571048916499919		1.283173514944538685		2.184103603105580937
0.358358358358358331		1.584963602291644236		1.278899258130289596		2.177432431028027082
0.359359359359359365		1.580913040536945591		1.274024378542229829		2.170204247965069388
0.360360360360360343		1.575642959242212093		1.270078468109722358		2.163644936213549919
0.361361361361361377		1.571046774017418546		1.266364684461588785		2.157490382076146851
0.362362362362362356		1.566056448447165517		1.261901596149869409		2.151991254034480772
0.363363363363363334		1.560797061686582277		1.257834820338785686		2.145649101346841281
0.364364364364364368		1.555613422916678923		1.253763492778575017		2.140729058817038233
0.365365365365365347		1.550349383078349019		1.249925985554025232		2.134838470277685474
0.366366366366366381		1.545340456841543197		1.245789001086063053		2.127019522073964275
0.367367367367367359		1.540236805025272382		1.240971286043456967		2.119182138322119435
0.368368368368368393		1.534949926936150177		1.235962860094219407		2.111947015517897430
0.369369369369369371		1.530375780485599080		1.231386237435202258		2.105185842024082543
0.370370370370370350		1.524524402998125971		1.227357762477855996		2.099061248663192547
0.371371371371371384		1.520713064448176333		1.223206038163327625		2.092942221273574432
0.372372372372372362		1.515239547556151978		1.219099558467354294		2.084692955465515585
0.373373373373373396		1.509851194395460894		1.214008457429956112		2.077979762711839928
0.374374374374374375		1.504434504034206199		1.210294855594642449		2.071359749688045593
0.375375375375375353		1.499346247279320421		1.206487270355993235		2.064676868792590714
0.376376376376376387		1.494488416729572666		1.202442236245472307		2.059753832738467683
0.377377377377377365		1.489274299741485841		1.197308594118650538		2.054500652493462809
0.378378378378378399		1.484665867170959608		1.192134163176731043		2.048309257693930352
0.379379379379379378		1.480160255418366155		1.187341035231421094		2.041627390981802570
0.380380380380380356		1.475301700953018713		1.182893072801938894		2.036519782250211463
0.381381381381381390		1.470107117753274961		1.178633322274635686		2.030828533611413356
0.382382382382382369		1.465100052905814687		1.174774899837687681		2.025237341869036811
0.383383383383383403		1.460537972243502125		1.170747207709566862		2.018374347166242533
0.384384384384384381		1.455385755251322299		1.166662841788554505		2.010643272367838019
0.385385385385385359		1.449899794563098032		1.162557929649629340		2.001360825421973910
0.386386386386386393		1.445759584738079750		1.158230918674740151		1.993963108762786929
0.387387387387387372		1.440357623133753151		1.153517106942209658		1.987189447783460183
0.388388388388388406		1.435636108241279629		1.149298170005637720		1.978558985925913838
0.389389389389389384		1.430906844460180238		1.144498344571974080		1.971216835476140128
0.390390390390390363		1.425720157569452695		1.140524525242484266		1.966431193177466508
0.391391391391391397		1.420432903546007708		1.135627563114990579		1.958926982504200165
0.392392392392392375		1.415642331480703620		1.131686229005885336		1.953045149646327028
0.393393393393393409		1.410503343252834219		1.127315291879337433		1.947303997194151037
0.394394394394394388		1.405041677630641583		1.123365373719191540		1.941175103809839708
0.395395395395395366		1.399891199129203123		1.118699026819039988		1.933736187578251275
0.396396396396396400		1.394678152795376880		1.113497005631877812		1.926157781727276808
0.397397397397397378		1.390090517126070013		1.108773596565842068		1.919072658938850928
0.398398398398398412		1.385503526103656569		1.104025374211651700		1.910503771405278606
0.399399399399399391		1.379815157992157815		1.098544970050058023		1.903026030275360103
0.400400400400400369		1.374799280451323158		1.094052793771735255		1.895373238583794917
0.401401401401401403		1.370682741441784369		1.089580646347938719		1.888730952718935763
0.402402402402402382		1.364932286286734353		1.085140992573758290		1.881560284751262246
0.403403403403403416		1.359883690063651951		1.080701257282126182		1.875275776991327303
0.404404404404404394		1.355296938734524836		1.076360108099330137		1.867256356161236086
0.405405405405405428		1.350367045855423775		1.072176765020229405		1.859943606125090465
0.406406406406406406		1.345359437839129590		1.067413190551521396		1.854317920868362002
0.407407407407407385		1.340223443647650114		1.062439503113818073		1.847399420091354383
0.408408408408408419		1.334810179475713898		1.057890562288195113		1.839691767282134460
0.409409409409409397		1.330086735006343002		1.053179927534729110		1.832485247094786995
0.410410410410410431		1.325904576165420901		1.048676626458371564		1.826019728442794587
0.411411411411411410		1.320800186951069044		1.044178222132913669		1.820844547698070137
0.412412412412412388		1.315533043034448291		1.039209517450753850		1.813266887943537187
0.413413413413413422		1.310442521649482384		1.034856034244082235		1.805926682358419688
0.414414414414414400		1.305680400276832742		1.030672355381099692		1.799565873677449135
0.415415415415415434		1.300213961579930633		1.025678591193307065		1.793131873328131176
0.416416416416416413		1.295238261897001752		1.020301234963021830		1.786467678122224401
0.417417417417417391		1.289568173419314512		1.014153663944921568		1.780308550862796269
0.418418418418418425		1.284262622528932196		1.009730327893644919		1.774063108843957348
0.419419419419419404		1.279037700644019893		1.004994113818024948		1.767429103103672849
0.420420420420420438		1.273835499263828996		0.999927800360692176		1.760881018247998586
0.421421421421421416		1.268629470545202587		0.995444051775889793		1.753513286306051633
0.422422422422422394		1.263723298696322495		0.991373982707759671		1.747133767814618377
0.423423423423423428		1.258945262294927092		0.987384769877668544		1.739657546424203227
0.424424424424424407		1.254647916686403963		0.983074072954808420		1.733122081865273501
0.425425425425425441		1.249432760686208788		0.977779353389718220		1.725904570923386006
0.426426426426426419		1.244842584076996772		0.973265417394361010		1.718634598252838597
0.427427427427427398		1.240280633138897803		0.968404158949001115		1.709523115450354291
0.428428428428428432		1.235586011024314868		0.963855133646113194		1.702596536349847423
0.429429429429429410		1.230743760200009973		0.959637292353811233		1.696260301370260404
0.430430430430430444		1.225879298562090547		0.955425374556776785		1.690337094817702779
0.431431431431431422		1.221076402473887157		0.950409368854904235		1.683469059245791266
0.432432432432432456		1.216486426477173755		0.944934143132397986		1.678649344431413892
0.433433433433433435		1.212043389705652174		0.940385515497315083		1.672255400901834443
0.434434434434434413		1.207151486909508797		0.934720970004242924		1.664462030113088131
0.435435435435435447		1.201894522649005870		0.929911883940233497		1.660107013451573632
0.436436436436436426		1.197062705447431874		0.925872853009871877		1.652763051157527086
0.437437437437437460		1.192748854535790493		0.920423275258797746		1.646145919369986999
0.438438438438438438		1.188814742582176009		0.916084108982033074		1.638585002315770200
0.439439439439439417		1.184281266227142027		0.910943134081606987		1.633091248081745439
0.440440440440440450		1.180220014053247723		0.906797110457438493		1.626874252419273637
0.441441441441441429		1.175573323596231790		0.902223080857880944		1.620312850920613945
0.442442442442442463		1.171037146984751587		0.897274914452423578		1.614759507816463602
0.443443443443443441		1.165361639456005349		0.892255762588342383		1.608465394621230615
0.444444444444444420		1.161410260037481379		0.887481577215005757		1.600458523427829682
0.445445445445445454		1.156297441570505624		0.882128666758198454		1.593671437017201375
0.446446446446446432		1.151908405528954127		0.877257455088778615		1.588577716523809746
0.447447447447447466		1.147475979191391771		0.872792905355188053		1.580727959711359265
0.448448448448448445		1.142755975543739311		0.868642516700808831		1.574286572915055471
0.449449449449449423		1.138329949154210485		0.864483872836415368		1.566828412024516615
0.450450450450450457		1.134073627620509228		0.859674117719663289		1.560360941807491741
0.451451451451451435		1.129319155401581121		0.854265736561231503		1.553243988832530897
0.452452452452452469		1.125419247821313862		0.849980489346200740		1.545519747859569915
0.453453453453453448		1.120694579920976652		0.844747417836077763		1.539275354810877960
0.454454454454454426		1.115642720166591939		0.839665847609559757		1.533531718739164385
0.455455455455455460		1.111563264262131590		0.835289679108542127		1.527898439626634852
0.456456456456456439		1.106861023059284133		0.831076250058291333		1.521649576325973863
0.457457457457457473		1.102307225300099613		0.826009491587202382		1.513991611754328614
0.458458458458458451		1.098105023072102782		0.821702333869488433		1.507406275656755668
0.459459459459459429		1.093789437255603625		0.817025733159478795		1.500245732387969211
0.460460460460460463		1.089481234639246621		0.812467264130193545		1.494628204626825552
0.461461461461461442		1.084690126474951777		0.807815410463393113		1.488788817980901014
0.462462462462462476		1.080244541883175202		0.802713968203018324		1.482780529148139514
0.463463463463463454		1.075674616655001747		0.798331460944547877		1.475113963081864155
0.464464464464464433		1.071020124338822210		0.792438695619606448		1.469137425592343948
0.465465465465465467		1.066874744860317303		0.788498331973061406		1.462672889239142515
0.466466466466466445		1.062171105449763342		0.783377451891656640		1.457784456554845232
0.467467467467467479		1.057180193785435929		0.778275732010553001		1.452125851426045333
0.468468468468468457		1.051878926881223864		0.773193696308354106		1.446447518411779987
0.469469469469469491		1.046794362721700899		0.769145588417529336		1.439562517786669549
0.470470470470470470		1.042516997593234906		0.764683923019389367		1.434583428946018646
0.471471471471471448		1.038204613681789734		0.759938652760429156		1.428144104949067739
0.472472472472472482		1.033333617612788302		0.755956695692559411		1.422800497930841290
0.473473473473473461		1.028556410744523975		0.752017921763140973		1.417114561829213137
0.474474474474474495		1.023691037192054010		0.747515200702891569		1.410608006777475332
0.475475475475475473		1.019358736588606540		0.742391934776794882		1.402848219710610023
0.476476476476476452		1.014930769225998120		0.738281748414991168		1.396970369705398785
0.477477477477477485		1.010250986132778195		0.732906912918972142		1.390665789325266521
0.478478478478478464		1.005177921779901284		0.728484661792541566		1.385496087087978667
0.479479479479479498		1.000525492380951231		0.724453364323779159		1.378934502091886616
0.480480480480480476		0.996052875438665830		0.719341713123632043		1.373550791933799475
0.481481481481481455		0.992064825518101268		0.714435806262967210		1.367271014570501375
0.482482482482482489		0.987971235397040570		0.709560928137442426		1.361504067480500124
0.483483483483483467		0.983144412215243957		0.705017874520843968		1.355862859029981493
0.484484484484484501		0.978574120279611770		0.700700886795539768		1.347707065429763595
0.485485485485485480		0.974046702165796918		0.696130982333811765		1.341625937773252453
0.486486486486486458		0.969723825899026726		0.691605621796947179		1.336132548909768403
0.487487487487487492		0.965594403361820564		0.687170503387038334		1.331171830934653855
0.488488488488488470		0.960550600937924992		0.682378221681707142		1.326627787448142470
0.489489489489489504		0.956152631805326836		0.677475710392444697		1.319486403198073310
0.490490490490490483		0.951424092477048955		0.672935953684924537		1.311878370038013442
0.491491491491491461		0.947348997810036009		0.668776411585455866		1.306212805922355003
0.492492492492492495		0.943300344732814877		0.664348678066066567		1.299372500757787652
0.493493493493493474		0.939090422682568038		0.660440205224143595		1.293274033945947643
0.494494494494494508		0.935193244902827625		0.656311328443815123		1.287603245997604784
0.495495495495495486		0.930491771544596391		0.652101190748085702		1.281848022282948252
0.496496496496496520		0.926175190086292233		0.647254378234591421		1.277122422849295669
0.497497497497497498		0.921764309868197129		0.642941541004197314		1.272047608533573904
0.498498498498498477		0.917708695667816987		0.638648292591551758		1.265687192718100373
0.499499499499499511		0.913380656415274328		0.634200942251205380		1.259579864428113538
0.500500500500500545		0.909120831798291618		0.629933934853997624		1.253597442190875988
0.501501501501501523		0.904538697716097628		0.625044627066884351		1.247035849465263135
0.502502502502502502		0.900572661551389597		0.621301588023119633		1.239239257862611243
0.503503503503503480		0.896439083941487302		0.617814301393505017		1.232893202173660718
0.504504504504504458		0.892366150738587383		0.613370692532285489		1.227526989602762519
0.505505505505505548		0.887525575867978089		0.608925366537653834		1.221966933667228528
0.506506506506506526		0.883292927218440771		0.604711039576369958		1.216521731839983911
0.507507507507507505		0.878971632558691818		0.600136068368183673		1.212395744360171390
0.508508508508508483		0.874782257808314645		0.595764654520193337		1.205673160235670283
0.509509509509509462		0.870828711252747079		0.591413289752253046		1.200757198648538804
0.510510510510510551		0.866408059902078254		0.587079497898257641		1.196523170504397493
0.511511511511511530		0.861590413758209106		0.583040665199540120		1.192374104083990805
0.512512512512512508		0.856654405804432972		0.578933397566709806		1.187007747554710724
0.513513513513513487		0.851538830503331678		0.575033180781748698		1.181894788613739644
0.514514514514514465		0.847333879638417220		0.571006436440693044		1.177633312078461003
0.515515515515515554		0.842728887451420716		0.566876550633579446		1.172063701138705172
0.516516516516516533		0.838479719908728383		0.562388368708533148		1.167143474583512974
0.517517517517517511		0.834389752540728225		0.557931513871052887		1.162312968769616095
0.518518518518518490		0.829890571261773236		0.553824963970327766		1.157286933860454781
0.519519519519519468		0.825736770830206468		0.550345997472472148		1.151875923865919304
0.520520520520520558		0.820931427203387742		0.546361660708651109		1.146742209234978382
0.521521521521521536		0.816533920109395517		0.543022018293296327		1.142771287189024099
0.522522522522522515		0.812291352974872760		0.538513716865001490		1.138147042382299023
0.523523523523523493		0.808014876653342595		0.534959563237174973		1.132901849626475776
0.524524524524524471		0.803579839437011834		0.530642843166283962		1.127364954183009083
0.525525525525525561		0.798922614136614806		0.526698536395611705		1.120353103462544686
0.526526526526526539		0.794522267870265253		0.522652454746585726		1.113822425890301115
0.527527527527527518		0.790526896226664610		0.518385245608564138		1.109263527118536485
0.528528528528528496		0.785897686594163147		0.514992187302405702		1.104596728077273715
0.529529529529529475		0.781420960970424017		0.511687536315186264		1.099825898584208428
0.530530530530530564		0.776453931945834230		0.508088249447852136		1.095105837252831948
0.531531531531531543		0.772168319460128982		0.503731016080603222		1.088976926290087466
0.532532532532532521		0.767610839646000409		0.499471473854072312		1.084637739279021185
0.533533533533533499		0.763405832531960149		0.495156641071207326		1.079900878924515473
0.534534534534534478		0.759290442995742332		0.492276004139246437		1.075580811835283424
0.535535535535535567		0.754581507658893424		0.488026151683291998		1.070265617536621416
0.536536536536536546		0.750242268794619194		0.484327268804817301		1.064638275224756736
0.537537537537537524		0.746476406072137166		0.480869418192270470		1.060499513545978267
0.538538538538538503		0.742466120213937320		0.477425383033462936		1.056315620859031856
0.539539539539539481		0.738268055968360315		0.473993870971906373		1.051870349279256045
0.540540540540540571		0.734643941742553652		0.470578180745454988		1.047627535557200007
0.541541541541541549		0.730152572942989408		0.466731888831907193		1.043387239293991575
0.542542542542542527		0.725749379934732763		0.462821922161634980		1.039610126468312190
0.543543543543543506		0.721490504182376702		0.459540823631289397		1.035491930836876184
0.544544544544544484		0.717431635012588331		0.455745055535385302		1.032162313953483457
0.545545545545545574		0.713633498119633725		0.451909286511925579		1.028253810813665181
0.546546546546546552		0.709419091527166978		0.448394486275551230		1.023643154425657231
0.547547547547547531		0.706203368230049255		0.444607276954246011		1.019153286462216812
0.548548548548548509		0.701751862701789353		0.441025873452170758		1.014433765762607242
0.549549549549549599		0.697856850729419387		0.437357048225073097		1.009389957187362352
0.550550550550550577		0.693736866722820977		0.433869810359927444		1.005240441654478012
0.551551551551551555		0.689857596651306748		0.430172661696149317		1.001016062624248582
0.552552552552552534		0.685887300133618982		0.426187242774621722		0.996794435128096512
0.553553553553553512		0.681336625597966261		0.422397389218424069		0.992674727921391664
0.554554554554554602		0.677410047232902324		0.419111467568266116		0.988397356600753008
0.555555555555555580		0.673914625357585506		0.415432817985110725		0.984130294314173204
0.556556556556556559		0.669593846945472748		0.411447978780735746		0.979940958183289967
0.557557557557557537		0.665844008726696135		0.407874260901811003		0.975737029089462693
0.558558558558558516		0.661818847638787289		0.404339257796020590		0.971433210571911121
0.559559559559559605		0.658294675162508836		0.400696733086636059		0.966676701183282416
0.560560560560560583		0.654534521998206165		0.397288182183281713		0.962905294764401232
0.561561561561561562		0.651052596867025324		0.393850720607221816		0.958934842112930785
0.562562562562562540		0.647288343119729381		0.390402480110874861		0.955342053343597009
0.563563563563563519		0.643610896642606400		0.386753070984657055		0.951265780979420827
0.564564564564564608		0.639820877626483098		0.383522373663634064		0.947084785631963189
0.565565565565565587		0.635548611301820277		0.379871062415403249		0.943243230059405136
0.566566566566566565		0.631884299965212115		0.376418548118931884		0.939404100704485767
0.567567567567567544		0.628400097035976546		0.372896707164707075		0.935255737201562409
0.568568568568568522		0.624559629034077135		0.369254384796016688		0.930610584476602276
0.569569569569569611		0.620928403688454922		0.365435197650479326		0.927318918283519755
0.570570570570570590		0.616722208468859057		0.362071817302292154		0.922394168944819959
0.571571571571571568		0.612525403837631544		0.358873171118868295		0.918729581480743240
0.572572572572572547		0.608993448433278406		0.355264374261519134		0.915155131090804819
0.573573573573573525		0.604572170688927879		0.351528278384897530		0.911273432783515913
0.574574574574574615		0.600783057145419352		0.348502245372342034		0.906845932131947086
0.575575575575575593		0.596994450558384404		0.344854663041377796		0.902321756460326752
0.576576576576576572		0.593648963939720220		0.341544304828016010		0.898522085318310126
0.577577577577577550		0.589588284969173371		0.338473530623080610		0.894499953115844515
0.578578578578578528		0.585882947696613532		0.335421549634417060		0.890321689043816145
0.579579579579579618		0.582273338719538680		0.332385219795604536		0.886047156416685522
0.580580580580580596		0.578565105457084172		0.329369324037504574		0.882368762052427535
0.581581581581581575		0.575096497205675350		0.326377906991446920		0.877667280168107244
0.582582582582582553		0.571711571454467271		0.323400638082113168		0.874378974438076995
0.583583583583583532		0.568023270195333940		0.320054938146957180		0.871134792236969768
0.584584584584584621		0.564110796358089139		0.316922398390442728		0.867179493550094938
0.585585585585585600		0.560669275078491181		0.314063410359220641		0.863352990491630057
0.586586586586586578		0.557086058577532350		0.310799627980875737		0.860253965027753753
0.587587587587587556		0.553596428172124178		0.307684569155744936		0.855456772273968213
0.588588588588588535		0.550193276059143810		0.304588784596155182		0.852174578897911039
0.589589589589589624		0.546301871734372169		0.301850505502460620		0.849311206121751594
0.590590590590590603		0.542498086314096684		0.298550455455263153		0.845834790119921354
0.591591591591591581		0.538930332577889804		0.295876957947797725		0.842798035957877612
0.592592592592592560		0.535464517064676904		0.292739971580212310		0.839491915265433875
0.593593593593593538		0.531967255599906430		0.289848951047936454		0.836331611080705972
0.594594594594594628		0.528511767123543308		0.286810873683416900		0.833324858897565579
0.595595595595595606		0.524885634547796576		0.284069904139949425		0.830007788458366758
0.596596596596596584		0.521085910790602735		0.281175996844977572		0.826627428792819363
0.597597597597597563		0.517696799965221333		0.278311656547406860		0.822971412747903197
0.598598598598598541		0.514167175609223981		0.275657194959382013		0.819531100819059777
0.599599599599599631		0.511191821969624316		0.272871367946752486		0.815720498762930735
0.600600600600600609		0.507585343395244637		0.270081519702250861		0.812268533079281929
0.601601601601601588		0.503818658276965703		0.267066911742840141		0.808794824659643141
0.602602602602602566		0.500825108621700377		0.264152884423069834		0.803620870911808449
0.603603603603603545		0.497242234930385441		0.261510570205706894		0.799529421313181277
0.604604604604604634		0.493972611617288337		0.258940220059573567		0.796476873139344232
0.605605605605605612		0.490972766618850587		0.256722428295101335		0.792196985557167110
0.606606606606606591		0.487661231681552065		0.254273355653342692		0.788410255292869344
0.607607607607607569		0.484400039171909380		0.251310114060516065		0.785073329894507732
0.608608608608608659		0.481044605429733263		0.248733659929855300		0.782313650321626808
0.609609609609609637		0.477616513743943205		0.246461319525976830		0.780199217110822074
0.610610610610610616		0.473929943618734528		0.243680232031458527		0.776409209422283864
0.611611611611611594		0.470579943052690464		0.241226359808515173		0.772872272017879558
0.612612612612612573		0.467359297253352568		0.238818545169264568		0.769920026590095397
0.613613613613613662		0.463977412373717590		0.236241376586470375		0.766380981842997966
0.614614614614614641		0.460562232965891383		0.233509027473896874		0.763778103474206382
0.615615615615615619		0.457539351665919636		0.230811090422036319		0.759868573251137436
0.616616616616616597		0.454129910033370221		0.228134870456133593		0.756339425512789654
0.617617617617617576		0.450985411035544681		0.225474665042716432		0.753087236294106011
0.618618618618618665		0.447993672591425696		0.222807898481162669		0.750176107149352456
0.619619619619619644		0.444759253400915266		0.220267526914029899		0.747003895771520599
0.620620620620620622		0.441473001184091163		0.217741504010311948		0.743397100049221105
0.621621621621621601		0.438565873736488143		0.215200231721772522		0.740515103154689935
0.622622622622622579		0.435204933925250392		0.212690907668426327		0.737104996571126048
0.623623623623623669		0.432441481263339811		0.210186848600619286		0.734078328201071439
0.624624624624624647		0.429404417149608419		0.207725083222393136		0.730811950677804800
0.625625625625625625		0.426325319022592852		0.205195849126390745		0.728138397829803607
0.626626626626626604		0.422679128823368111		0.202783985030186215		0.725875604181420275
0.627627627627627582		0.419498517007674931		0.200427519165571361		0.722402123948961528
0.628628628628628672		0.416239920103835037		0.197950782708980366		0.718645861802871155
0.629629629629629650		0.413297817843025994		0.195662396694082252		0.715375829221292836
0.630630630630630629		0.410340969040832060		0.193181476829915155		0.712238911948689823
0.631631631631631607		0.407405484610114610		0.190881940468691780		0.709127701280212963
0.632632632632632586		0.404443107681963510		0.188911201955043517		0.705534464881947487
0.633633633633633675		0.401249995342975008		0.186934505038606064		0.702522141056753924
0.634634634634634653		0.398391057765073886		0.184947858982991126		0.699323392981662351
0.635635635635635632		0.395311822958203607		0.182471412768665076		0.696283139694728104
0.636636636636636610		0.392486649317364822		0.180033369577006996		0.693284847717563046
0.637637637637637589		0.389561578575073342		0.177997405388657354		0.689304073669425144
0.638638638638638678		0.386466820629987717		0.175529217627819617		0.685161855720466728
0.639639639639639657		0.383334055368817705		0.173134688327170855		0.682274174507684017
0.640640640640640635		0.380396858958745643		0.171272216784122938		0.679406308987992480
0.641641641641641614		0.377283780086262843		0.169429545317269031		0.676516676388795868
0.642642642642642592		0.374596926566575283		0.167414444912278165		0.673395803444970298
0.643643643643643681		0.371693628426538802		0.165227403294347153		0.670033874885431202
0.644644644644644660		0.368859259532413941		0.163100192869605004		0.667571469737515688
0.645645645645645638		0.365932865589370659		0.160893640233227858		0.664962884250578923
0.646646646646646617		0.363169312845428971		0.158903917133250971		0.661507808628558625
0.647647647647647595		0.360465049676705451		0.156962612734294793		0.659278868495082326
0.648648648648648685		0.357611275554377495		0.154881368921390983		0.656560153246435019
0.649649649649649663		0.354671393069892982		0.153073640019931595		0.653480862053690825
0.650650650650650642		0.351672541498685320		0.151179734912877367		0.650593053127053289
0.651651651651651620		0.348763843245229466		0.149201119976488578		0.647510272332961767
0.652652652652652598		0.345809709175159963		0.147245157391213216		0.644088538230644048
0.653653653653653688		0.343303435293334291		0.145299734680014919		0.641049353569077551
0.654654654654654666		0.340754836659007188		0.143373307281797646		0.638223615235857467
0.655655655655655645		0.338086373143775265		0.141598757122068819		0.635133908794087598
0.656656656656656623		0.335347695586440897		0.139936265069311422		0.632041043726405238
0.657657657657657602		0.332426277921738067		0.138352491300713781		0.628053337702235148
0.658658658658658691		0.329918600453223521		0.136499131390728168		0.625243686563938250
0.659659659659659670		0.326701721733602901		0.134661596450815629		0.622049093270138020
0.660660660660660648		0.324228088386845359		0.133018991758282218		0.618812769276918306
0.661661661661661626		0.321619758034957459		0.131219872330833515		0.615618775554511499
0.662662662662662605		0.319072604843374852		0.129570840106183555		0.612448950439505091
0.663663663663663694		0.316239838039043097		0.127979739051999192		0.609293321597162540
0.664664664664664673		0.313725432961894812		0.126105632009734347		0.606267819462332658
0.665665665665665651		0.310951626537281645		0.124460115010511976		0.603007298215531673
0.666666666666666630		0.308205128955183816		0.123055167565562507		0.599741193847442733
0.667667667667667608		0.305501970078750573		0.121289565406346125		0.596731125187356160
0.668668668668668698		0.303023584100073573		0.119599961765155402		0.593420049467459965
0.669669669669669676		0.300242817550733343		0.117960710603023114		0.590556573259655271
0.670670670670670654		0.297415843922033296		0.116459979668606620		0.587832167668661643
0.671671671671671633		0.294748686883304190		0.115003906180245460		0.584541274205540695
0.672672672672672611		0.292450717983163244		0.113551954187266144		0.582077323341294806
0.673673673673673701		0.289763581725835384		0.112194070610863852		0.579180808157746196
0.674674674674674679		0.287059301080810014		0.110683825714018039		0.576621146522250050
0.675675675675675658		0.284291689365228917		0.108984243884864135		0.574304912548233903
0.676676676676676636		0.281812843142249747		0.107511801247381744		0.570554370193120830
0.677677677677677726		0.279341509704427338		0.106088434293106534		0.567628456786432145
0.678678678678678704		0.276744642151357745		0.104515200735872602		0.564648083557560132
0.679679679679679682		0.274276363696331515		0.102996531993595569		0.561570386509453789
0.680680680680680661		0.272242961479430834		0.101576630346846039		0.559234645345566328
0.681681681681681639		0.269477557166203474		0.100185910455873634		0.556397974957028696
0.682682682682682729		0.267139401762033102		0.098697537158492263		0.553309897074054424
0.683683683683683707		0.265025415685255061		0.097119991743755477		0.550483612576727954
0.684684684684684686		0.262614032799343811		0.095561664192424206		0.547220806036007978
0.685685685685685664		0.260433034454041368		0.094165308795666924		0.544344700110712010
0.686686686686686643		0.258234655349668329		0.092774358529674417		0.542095092469936146
0.687687687687687732		0.255538886663036313		0.091352861633752544		0.539847785878701303
0.688688688688688710		0.253233459438387931		0.089829808598098512		0.536717443636317237
0.689689689689689689		0.251307855989673423		0.088534936967932992		0.533669884672868355
0.690690690690690667		0.249002180202321177		0.087375867315809416		0.531218248236707380
0.691691691691691646		0.246511068723569093		0.086006639980497734		0.528577281142333044
0.692692692692692735		0.244298680539744739		0.084558195723239693		0.525980967138337641
0.693693693693693714		0.242083851129449135		0.083332522552991214		0.522920744944949556
0.694694694694694692		0.239709668642551721		0.082121030037340892		0.519879650184984943
0.695695695695695671		0.237609921846177047		0.081059030761178763		0.517076306361102689
0.696696696696696649		0.235428990939590382		0.079878093069578743		0.514170469839688504
0.697697697697697738		0.233287563715816854		0.078771603885663594		0.511669104096756255
0.698698698698698717		0.230922406458384077		0.077622210978109535		0.509460328961164111
0.699699699699699695		0.228941144672861974		0.076290391778385105		0.507099417262827146
0.700700700700700674		0.226810183009849786		0.074976162873354554		0.504688675473762172
0.701701701701701652		0.224730135009591964		0.073802948006933489		0.501802129067293157
0.702702702702702742		0.222647336248025934		0.072819177675950350		0.498367287934710523
0.703703703703703720		0.220766323693025068		0.071631631606504445		0.494941659495548691
0.704704704704704699		0.218780925779719637		0.070446203673408619		0.491560915114391983
0.705705705705705677		0.216687907794396339		0.069277555928587906		0.488888700913596930
0.706706706706706655		0.214635287457153212		0.068112885018560373		0.486548321476836798
0.707707707707707745		0.212545467391597298		0.066976275832336618		0.484372719620992598
0.708708708708708723		0.210536395345159083		0.066013716374689196		0.481551293849213746
0.709709709709709702		0.208408617640798710		0.065068205732170536		0.478380862292551501
0.710710710710710680		0.206359671122399807		0.064044947852410897		0.475218232880211977
0.711711711711711659		0.204428325540217753		0.062898398114046156		0.472309287732581573
0.712712712712712748		0.202504815846668323		0.061766516639372986		0.470013234770004007
0.713713713713713727		0.200639654180656490		0.060652792850238384		0.467010160826633658
0.714714714714714705		0.198659481014066996		0.059670354094142002		0.464680115050840059
0.715715715715715683		0.196471546090105836		0.058702820737075945		0.462487601810939175
0.716716716716716662		0.194550053371807891		0.057566952625867931		0.460158449876450548
0.717717717717717751		0.192528203542590814		0.056415377881614867		0.457158801657326197
0.718718718718718730		0.190603816617160193		0.055467432784497721		0.453138958020608329
0.719719719719719708		0.188439747987010353		0.054393163507490704		0.450184497032036057
0.720720720720720687		0.186638263296353357		0.053377373548078269		0.447201980674083122
0.721721721721721665		0.184659987921498681		0.052519795888515693		0.444420301728481071
0.722722722722722755		0.182769119771424238		0.051683455673130985		0.441065840816788679
0.723723723723723733		0.180680436956082491		0.050676668719585177		0.438466636728633952
0.724724724724724711		0.178882212359715354		0.049778141981758513		0.436157148937712458
0.725725725725725690		0.176868639464461158		0.048974011416224462		0.433390157833750289
0.726726726726726668		0.175063549975507188		0.048182083541179067		0.429873242371628106
0.727727727727727758		0.173157436707994439		0.047404539765139607		0.427418728969794770
0.728728728728728736		0.171247916659248711		0.046588047294507301		0.425237807248571131
0.729729729729729715		0.169425659867044887		0.045870555079133846		0.422843080744700839
0.730730730730730693		0.167667904002348545		0.045116853291007473		0.420157572840187565
0.731731731731731672		0.165831350981107878		0.044363874939819831		0.417318183354007388
0.732732732732732761		0.164067468897508228		0.043605360886743896		0.414450165382236224
0.733733733733733740		0.162369784966358510		0.042856737007101978		0.411589542050807389
0.734734734734734718		0.160646641218331693		0.042060055541419145		0.408889495169981743
0.735735735735735696		0.158915025689441491		0.041285127018810104		0.405916889978995610
0.736736736736736786		0.157151218725261943		0.040567941609197758		0.403079186908948506
0.737737737737737764		0.155453427502804414		0.039743215682268108		0.400677196809308411
0.738738738738738743		0.153747698376877684		0.039005675037792183		0.398052766951678627
0.739739739739739721		0.151924857567775018		0.038360763899063927		0.395651460623009932
0.740740740740740700		0.150280547533482023		0.037734200536677635		0.393261355501024645
0.741741741741741789		0.148406857800220809		0.037092807104033149		0.390799892612997246
0.742742742742742768		0.146724748475438926		0.036493869178525769		0.387745040180366929
0.743743743743743746		0.145147234703515926		0.035883702490893322		0.384707903411822594
0.744744744744744724		0.143382619545835366		0.035255075494468477		0.381665194067737801
0.745745745745745703		0.141637264194647283		0.034619985932455632		0.378640278794441676
0.746746746746746792		0.140057498911981382		0.033923470933975054		0.376340750055076778
0.747747747747747771		0.138416359320235077		0.033323804676369966		0.374360390861435299
0.748748748748748749		0.136856280925449963		0.032735896573547092		0.372128445978019140
0.749749749749749728		0.135289905209554612		0.032014772453467434		0.369602918765470356
0.750750750750750706		0.133743646644706171		0.031360995484577110		0.367060272481684324
0.751751751751751796		0.132283726349657987		0.030779172226189231		0.365013963550020859
0.752752752752752774		0.130741806748161493		0.030139396220834589		0.361989383685372812
0.753753753753753752		0.129277562936101431		0.029504466236673080		0.359460331177551107
0.754754754754754731		0.127815939523569372		0.028900910578436266		0.356377033948494459
0.755755755755755709		0.126360582055952853		0.028351088986306016		0.353940613580333852
0.756756756756756799		0.124673308511651412		0.027802570009693366		0.351549925221620874
0.757757757757757777		0.123044243268985720		0.027236985946847994		0.348870239934327475
0.758758758758758756		0.121409630713299882		0.026671987070599739		0.346481966221998949
0.759759759759759734		0.119982499002347559		0.026116149492935722		0.344099386661065210
0.760760760760760713		0.118464781653797771		0.025569369884857734		0.341867603522856889
0.761761761761761802		0.116947915952512679		0.025037524179178330		0.339345226914453624
0.762762762762762780		0.115530498977642157		0.024549366534726624		0.336985158618100855
0.763763763763763759		0.114134057210870304		0.024034460595423055		0.334630829123416906
0.764764764764764737		0.112707770862512630		0.023520285527224242		0.332099898667057025
0.765765765765765716		0.111212236737698977		0.023014488944895679		0.329848698991281164
0.766766766766766805		0.109836741302791585		0.022545405174457672		0.327617067245927429
0.767767767767767784		0.108373795362260800		0.022088181365752545		0.325414328935289821
0.768768768768768762		0.107064057378626981		0.021638141289428241		0.322998820652537710
0.769769769769769741		0.105732347574770458		0.021166966034091551		0.320626581759156537
0.770770770770770719		0.104286437739350146		0.020767954409461876		0.318505616984828377
0.771771771771771808		0.102858739769226076		0.020330348625661972		0.316559964746029709
0.772772772772772787		0.101476010355387142		0.019908270617183366		0.314237528260444987
0.773773773773773765		0.100234851796851349		0.019514943328530442		0.311983657672823933
0.774774774774774744		0.098889999753884128		0.019150610734437780		0.309968405152505733
0.775775775775775722		0.097612345896189001		0.018762932459201666		0.307030864512019830
0.776776776776776812		0.096353855917505046		0.018363266479568385		0.304614463421825077
0.777777777777777790		0.095202874852601774		0.017956842311061944		0.302348175283594200
0.778778778778778769		0.093960308527300973		0.017527198882616814		0.300190823448029664
0.779779779779779747		0.092758167159405755		0.017131035776642087		0.298120288878992279
0.780780780780780725		0.091524972680611327		0.016754056522944753		0.296054333314387463
0.781781781781781815		0.090348960679027368		0.016383793080498265		0.293992972720915180
0.782782782782782793		0.089103479544856479		0.015987236609101806		0.291919787835706379
0.783783783783783772		0.087840644963345649		0.015590308951728997		0.289851194087058783
0.784784784784784750		0.086800346041439796		0.015211930769738483		0.287799124103903903
0.785785785785785729		0.085718805173750079		0.014890084103173799		0.285617437497202364
0.786786786786786818		0.084567453426062728		0.014522482823913711		0.283257084457572195
0.787787787787787797		0.083348798258390921		0.014154228082278519		0.281147092632152318
0.788788788788788775		0.082230388776111968		0.013795787160741134		0.279162794471993381
0.789789789789789753		0.081258708431978466		0.013486501329444607		0.277182900948635791
0.790790790790790732		0.080051269507280948		0.013133613583056277		0.275207427175911512
0.791791791791791821		0.079043837729662808		0.012836268940688639		0.273256114909825876
0.792792792792792800		0.077970612329043676		0.012554198762329641		0.271327149179889704
0.793793793793793778		0.076862502669427762		0.012267007866758817		0.269437763442960998
0.794794794794794757		0.075762527668242485		0.011964153662410647		0.267587553455759630
0.795795795795795735		0.074720499635743926		0.011668524207914777		0.265500577036244689
0.796796796796796825		0.073696874865104803		0.011373079619448136		0.263448255612415139
0.797797797797797803		0.072576045647654214		0.011086562521587417		0.261523288357566441
0.798798798798798781		0.071428334691124140		0.010806437764151404		0.259570688256865190
0.799799799799799760		0.070420534904766435		0.010531971308900274		0.257395704883382259
0.800800800800800738		0.069355596895023630		0.010274342726333895		0.255241149683680724
0.801801801801801828		0.068335028363352410		0.010021669721831083		0.253205886188092311
0.802802802802802806		0.067308276928917873		0.009773884412701460		0.251176210116474730
0.803803803803803785		0.066384752056721896		0.009507721607367394		0.249152141671327126
0.804804804804804763		0.065354033010199486		0.009252886015615585		0.247128409132140126
0.805805805805805853		0.064358740852139010		0.009021265572891823		0.245120908882137833
0.806806806806806831		0.063364456442455308		0.008785118625679362		0.243103413237162197
0.807807807807807809		0.062349457113598149		0.008570513928324914		0.240981648409417964
0.808808808808808788		0.061463524184106014		0.008352514666989500		0.239147323688796209
0.809809809809809766		0.060494209162472348		0.008138882117784749		0.237143473167000657
0.810810810810810856		0.059550428160998287		0.007905811190096586		0.235170001581839094
0.811811811811811834		0.058597752891600914		0.007670609002470460		0.233180647841673250
0.812812812812812813		0.057694866495986749		0.007458719207182832		0.231197200272725084
0.813813813813813791		0.056780739487874196		0.007265336995706289		0.229135059562549454
0.814814814814814770		0.055897050184070207		0.007059038652450793		0.226962376382890768
0.815815815815815859		0.055057636333221159		0.006854104569330549		0.224794683750250496
0.816816816816816837		0.054203805251107143		0.006659854959874137		0.222639079993021988
0.817817817817817816		0.053383694943386191		0.006484111424163577		0.220530493616561352
0.818818818818818794		0.052569112034484416		0.006302275124500815		0.218427720333021991
0.819819819819819773		0.051719453033929039		0.006120615888259144		0.216432460733702037
0.820820820820820862		0.050828593682318297		0.005963455732646967		0.214374906344515531
0.821821821821821841		0.049954077618257250		0.005808541174757850		0.212113643834100335
0.822822822822822819		0.049154793166945154		0.005657258764262729		0.210002260403647945
0.823823823823823798		0.048403077413461559		0.005509261593096650		0.207903400857999465
0.824824824824824776		0.047661795541485516		0.005359682616784866		0.206054604237076416
0.825825825825825866		0.046826415359008430		0.005208959709526583		0.204273612799474896
0.826826826826826844		0.045979331247779517		0.005061261502404288		0.202191271166464459
0.827827827827827822		0.045201836404870535		0.004916881128646438		0.200101642540519320
0.828828828828828801		0.044443800380334138		0.004775764571839580		0.198020791379661554
0.829829829829829779		0.043680480088955517		0.004641773905091454		0.196072148614615110
0.830830830830830869		0.042875521325700938		0.004502649011760262		0.194374464837930777
0.831831831831831847		0.042082343497818517		0.004362348512068698		0.192681430331297671
0.832832832832832826		0.041328181611583914		0.004212638244764776		0.190993061740315523
0.833833833833833804		0.040671990200840995		0.004077146405026914		0.189309375847104444
0.834834834834834782		0.040031651854612271		0.003957262409701734		0.187517489267000625
0.835835835835835872		0.039290487120401285		0.003840411878595921		0.185550902888642705
0.836836836836836850		0.038563968274911278		0.003726292937740222		0.183592448605812586
0.837837837837837829		0.037850671065549804		0.003614297181513915		0.181750609256950524
0.838838838838838807		0.037184444243822848		0.003508513387290974		0.180016821844668634
0.839839839839839786		0.036504279767314428		0.003399571881409427		0.178288687348915315
0.840840840840840875		0.035744246476930863		0.003290575627579610		0.176319002785602641
0.841841841841841854		0.035049265335190205		0.003174923388581977		0.174725143027508217
0.842842842842842832		0.034417608602961738		0.003066050954671762		0.172995010042516412
0.843843843843843811		0.033742425324372681		0.002967115357291302		0.171071659986097108
0.844844844844844789		0.033136430272219353		0.002877060588281667		0.169328727434037041
0.845845845845845878		0.032505009485662054		0.002785255058387415		0.167600368837086372
0.846846846846846857		0.031923382714843559		0.002696578125061627		0.165884690948265690
0.847847847847847835		0.031325920083781628		0.002609756354566872		0.164163089693750458
0.848848848848848814		0.030715054738630239		0.002525157889348071		0.162453891479684281
0.849849849849849792		0.030098563073607552		0.002442741068630510		0.160751019564874420
0.850850850850850882		0.029518725570872442		0.002362464703127277		0.159054498204516809
0.851851851851851860		0.028954585200229279		0.002284288074018455		0.157364351824824694
0.852852852852852839		0.028378447597094961		0.002208170931893046		0.155642534956068002
0.853853853853853817		0.027824561528494458		0.002134073495653916		0.153805655398907976
0.854854854854854795		0.027290593713431087		0.002061956451385702		0.151969243765031403
0.855855855855855885		0.026727504660173207		0.001991184346749791		0.150235263352802489
0.856856856856856863		0.026194018496156303		0.001922191938698220		0.148416735387183446
0.857857857857857842		0.025654081278156479		0.001849756856998914		0.146567073171521373
0.858858858858858820		0.025065190945897431		0.001787233176339727		0.144963671306606229
0.859859859859859799		0.024506737846710043		0.001726485388005037		0.143476839774728637
0.860860860860860888		0.024007759746214212		0.001667265586601895		0.141994754846882426
0.861861861861861867		0.023494026508437835		0.001609132417228030		0.140517435534306845
0.862862862862862845		0.022985062493965799		0.001551427744615726		0.139043366461786083
0.863863863863863823		0.022508199857299710		0.001493898235676534		0.137569810358534161
0.864864864864864913		0.022030760702644165		0.001436516861768126		0.135984015991247348
0.865865865865865891		0.021566463019125744		0.001382929628890173		0.134385787151515557
0.866866866866866870		0.021088823345680449		0.001326018498050609		0.132794322335423071
0.867867867867867848		0.020601755481496339		0.001275385847556972		0.131277390544287331
0.868868868868868827		0.020151116245016632		0.001225940190711735		0.129824376477489900
0.869869869869869916		0.019654181858879009		0.001175584208383185		0.128376465354983371
0.870870870870870895		0.019192115381491345		0.001126941053688995		0.126933678940561151
0.871871871871871873		0.018759951510405590		0.001084807302936807		0.125496039250560909
0.872872872872872851		0.018342012460475024		0.001044133036136963		0.124063568558867549
0.873873873873873830		0.017925600567864797		0.001002484795925724		0.122369153020255639
0.874874874874874919		0.017513681836278709		0.000960481476201174		0.120927954964202472
0.875875875875875898		0.017095487710414074		0.000922323254927483		0.119487235902414321
0.876876876876876876		0.016695333073234446		0.000884423105749760		0.118038009290767215
0.877877877877877855		0.016303117844211922		0.000847444514686412		0.116492731384339673
0.878878878878878833		0.015935757551555831		0.000811714213568761		0.114954929258420865
0.879879879879879923		0.015546079402741548		0.000775789202629400		0.113285749254071408
0.880880880880880901		0.015170665729778651		0.000740780923599382		0.111520988388239192
0.881881881881881879		0.014797262772038298		0.000709709696455627		0.109799816202181932
0.882882882882882858		0.014422425176447064		0.000679501688822960		0.108273908148669121
0.883883883883883836		0.014051033190551877		0.000648763716018879		0.106706018300695857
0.884884884884884926		0.013677629546676525		0.000619156432980513		0.105305451528724892
0.885885885885885904		0.013314964548695820		0.000587126638250310		0.103879840856967262
0.886886886886886883		0.012949071619367987		0.000559663017115913		0.102429787859607602
0.887887887887887861		0.012599106197835616		0.000536533085381732		0.100987133401074722
0.888888888888888840		0.012257510523625160		0.000511410259837364		0.099551910997818349
0.889889889889889929		0.011914216659650942		0.000486993564706110		0.098124154516108578
0.890890890890890907		0.011580979484700295		0.000463526463681656		0.096802470378068800
0.891891891891891886		0.011257627447781143		0.000440980776837239		0.095465338925376578
0.892892892892892864		0.010945634819542339		0.000420133368501628		0.094172864211652302
0.893893893893893843		0.010633285152904067		0.000398794101743121		0.092807493923739465
0.894894894894894932		0.010334399809162630		0.000379373302304649		0.091393870055617693
0.895895895895895911		0.010051217020506360		0.000359627571844432		0.089988309669297578
0.896896896896896889		0.009764958258326045		0.000341126159828812		0.088590850545046299
0.897897897897897868		0.009479079983548321		0.000323548177842217		0.087201628346103094
0.898898898898898846		0.009207223434472722		0.000306709746228285		0.085878965857739603
0.899899899899899935		0.008933069431390059		0.000290587024148020		0.084483242482516541
0.900900900900900914		0.008669030203300549		0.000275156690419813		0.083156736234843140
0.901901901901901892		0.008402897413016686		0.000260395938317786		0.081788159289545498
0.902902902902902871		0.008140236450397085		0.000246282470327164		0.080428162641035361
0.903903903903903849		0.007888561173373519		0.000232794492857488		0.079076787717558342
0.904904904904904939		0.007640229395397785		0.000220318023506709		0.077734076418226522
0.905905905905905917		0.007399761303982960		0.000207969422000670		0.076400445497914665
0.906906906906906896		0.007155454885489075		0.000196205878316389		0.075079848314431499
0.907907907907907874		0.006925586197900740		0.000184988136628823		0.073767942063263231
0.908908908908908852		0.006696299073233375		0.000174834716066609		0.072467579266536866
0.909909909909909942		0.006463923690941309		0.000165362134939012		0.071179744698064401
0.910910910910910920		0.006238321510778170		0.000155499494445008		0.069900262977877090
0.911911911911911899		0.006032743732760035		0.000146481189070761		0.068673365249995344
0.912912912912912877		0.005829830381359631		0.000138165450014668		0.067410707522130492
0.913913913913913856		0.005629693762634787		0.000130092896598464		0.066112287218217949
0.914914914914914945		0.005430072943072080		0.000121403654990513		0.064867628354851797
0.915915915915915924		0.005231598142265962		0.000113595853076591		0.063631878772668002
0.916916916916916902		0.005048295708315527		0.000107045863207952		0.062405086660702151
0.917917917917917880		0.004874051447939844		0.000100779290538174		0.061187300885438688
0.918918918918918859		0.004709555921051703		0.000094309243085057		0.059862457753727762
0.919919919919919948		0.004543226946783680		0.000088171140300653		0.058624318577344167
0.920920920920920927		0.004374076240363842		0.000082651614816095		0.057386337350399552
0.921921921921921905		0.004205260920084421		0.000077358923391824		0.056241237777723586
0.922922922922922884		0.004041543657773418		0.000071995953208061		0.055104945161827616
0.923923923923923862		0.003878679195888359		0.000066806207023484		0.053979971361441705
0.924924924924924952		0.003728573244446463		0.000061904954940612		0.052903372005218365
0.925925925925925930		0.003575556869564051		0.000057494126722298		0.051775346481309457
0.926926926926926908		0.003430122947434344		0.000053557490515874		0.050640938785303458
0.927927927927927887		0.003288937909441497		0.000049842827683703		0.049517164199596425
0.928928928928928865		0.003153720905000104		0.000046134485667631		0.048400792074284972
0.929929929929929955		0.003027138422572817		0.000042611938046284		0.047295169628890660
0.930930930930930933		0.002901386355626210		0.000039321337378186		0.046199260492295675
0.931931931931931912		0.002777671259180113		0.000036226820887760		0.045124331391710328
0.932932932932932890		0.002648097594506880		0.000033360784118852		0.044057521012378621
0.933933933933933980		0.002534664792236997		0.000030813087423629		0.042974233407922315
0.934934934934934958		0.002418184242016428		0.000028510716608606		0.041919342715769678
0.935935935935935936		0.002306308448491934		0.000026329197328896		0.040874428932446936
0.936936936936936915		0.002196097493689284		0.000024193434875333		0.039833141017279604
0.937937937937937893		0.002088327313106050		0.000022214477936170		0.038805118457328869
0.938938938938938983		0.001982818729740887		0.000020380357388227		0.037789200651565928
0.939939939939939961		0.001881107332282816		0.000018750378067125		0.036783585677876179
0.940940940940940940		0.001786026371660898		0.000017166294756294		0.035788345569161321
0.941941941941941918		0.001695010968574601		0.000015598309922470		0.034808448160430168
0.942942942942942897		0.001603807739897412		0.000014223448461501		0.033883389947188709
0.943943943943943986		0.001514802851155357		0.000012934972221701		0.032981940573373780
0.944944944944944965		0.001432416925148978		0.000011767164483784		0.032084363533202931
0.945945945945945943		0.001356718282361134		0.000010692955170918		0.031113302049523214
0.946946946946946921		0.001279854966354048		0.000009699832069185		0.030154861579086395
0.947947947947947900		0.001202899630323172		0.000008742556458713		0.029206847517076612
0.948948948948948989		0.001134344553649485		0.000007820067920726		0.028311766879779945
0.949949949949949968		0.001066729999268211		0.000006998577566996		0.027429524172759179
0.950950950950950946		0.000998575979186490		0.000006249085451427		0.026557683529037118
0.951951951951951925		0.000937404999244996		0.000005566595693530		0.025696336308362742
0.952952952952952903		0.000879721235172307		0.000004945997115736		0.024787179412900099
0.953953953953953993		0.000825661037587861		0.000004372046397238		0.023888592645063985
0.954954954954954971		0.000771513008993753		0.000003869183433543		0.022998713947692668
0.955955955955955949		0.000720993131260567		0.000003414410461796		0.022158872095973860
0.956956956956956928		0.000673521943795923		0.000003001431556731		0.021340865429245442
0.957957957957957906		0.000626431725298375		0.000002636182385791		0.020534749457674948
0.958958958958958996		0.000581690303320984		0.000002338742428450		0.019740636282155558
0.959959959959959974		0.000540188473906270		0.000002034379849075		0.018958641451654764
0.960960960960960953		0.000500139936075651		0.000001765054396821		0.018170221137641517
0.961961961961961931		0.000462391400828564		0.000001536600171651		0.017428150806956626
0.962962962962962910		0.000425290799455886		0.000001331435388345		0.016696754023453459
0.963963963963963999		0.000390120110526735		0.000001150089779747		0.015979159260838149
0.964964964964964977		0.000357415693734013		0.000000985488008962		0.015274089530330161
0.965965965965965956		0.000327053715834476		0.000000845839858473		0.014583746037029419
0.966966966966966934		0.000298657167093505		0.000000711513714417		0.013895195953482483
0.967967967967967913		0.000272230875340628		0.000000599471948680		0.013225068460575423
0.968968968968969002		0.000247048713933247		0.000000506385585941		0.012567449983345396
0.969969969969969981		0.000224380552463378		0.000000425411381432		0.011922505334508088
0.970970970970970959		0.000202013960746009		0.000000355267199103		0.011290406665781842
0.971971971971971938		0.000181229377434668		0.000000291201065220		0.010623080350950392
0.972972972972972916		0.000162122590919438		0.000000234111873265		0.009984786044651474
0.973973973973974005		0.000144527956807428		0.000000190137090525		0.009380018415718552
0.974974974974974984		0.000127799981820642		0.000000154255840139		0.008792550085008675
0.975975975975975962		0.000112350211430166		0.000000124075583957		0.008220050334993899
0.976976976976976941		0.000098858610117942		0.000000098874303736		0.007652811817809436
0.977977977977977919		0.000086289567261129		0.000000077308771563		0.007114334266761144
0.978978978978979009		0.000074962293573295		0.000000060348741045		0.006594714000270461
0.979979979979979987		0.000064842668610146		0.000000046549896757		0.006084508978750473
0.980980980980980966		0.000055354101483166		0.000000035313686861		0.005592407342634243
0.981981981981981944		0.000046558299923979		0.000000025815888909		0.005117231274776676
0.982982982982982922		0.000039229802214860		0.000000019015552159		0.004666221765862802
0.983983983983984012		0.000032571864131922		0.000000013776125653		0.004241191553895280
0.984984984984984990		0.000026482825335899		0.000000009716512978		0.003816653527427781
0.985985985985985969		0.000021374246055051		0.000000006611669134		0.003399688855042416
0.986986986986986947		0.000017027477581998		0.000000004369041212		0.003009203324690632
0.987987987987987926		0.000013250622269458		0.000000002817422617		0.002645764218928546
0.988988988988989015		0.000010145605110046		0.000000001748838643		0.002300268800444588
0.989989989989989994		0.000007622881412027		0.000000001031677735		0.001973349138639881
0.990990990990990972		0.000005557310461516		0.000000000574999935		0.001658475408621193
0.991991991991991950		0.000003861020566840		0.000000000299687621		0.001360083787330699
0.992992992992993040		0.000002563204483085		0.000000000142972612		0.001084142415202593
0.993993993993994018		0.000001598740139602		0.000000000061871918		0.000843797771713111
0.994994994994994997		0.000000917673338687		0.000000000022361474		0.000629433259327769
0.995995995995995975		0.000000458099560495		0.000000000006562068		0.000442019021641303
0.996996996996996954		0.000000187749601889		0.000000000001363501		0.000274525857873707
0.997997997997998043		0.000000052985899571		0.000000000000146438		0.000140745182187303
0.998998998998999022		0.000000006291108305		0.000000000000003361		0.000045758959543141
1.000000000000000000		0.000000000000000000		0.000000000000000000		0.000000000000000000
