# m1		 ppd_median		 ppd_lower		 ppd_upper
2.000000000000000000		0.000000000000000000		0.000000000000000000		0.000000000000000000
2.098098098098097886		0.000000000000000000		0.000000000000000000		0.000000000000000000
2.196196196196196215		0.000000000000000000		0.000000000000000000		0.000000000000000000
2.294294294294294101		0.000000000000000001		0.000000000000000000		0.000000000000000000
2.392392392392392431		0.000000000000123390		0.000000000000000000		0.000000000000000000
2.490490490490490316		0.000000000071355916		0.000000000000000000		0.000000000000000000
2.588588588588588646		0.000000004913126181		0.000000000000000000		0.000000000000000000
2.686686686686686532		0.000000092506222673		0.000000000000000000		0.000000000000000000
2.784784784784784861		0.000000735247481758		0.000000000000000000		0.000000000000000000
2.882882882882882747		0.000003398845014514		0.000000000000000000		0.000000000000000000
2.980980980980981077		0.000011169140739320		0.000000000000000000		0.000000000000000000
3.079079079079078962		0.000029426209344730		0.000000000000000000		0.000000000000000000
3.177177177177177292		0.000066586329495414		0.000000000000000000		0.000000000000000000
3.275275275275275177		0.000134710077179446		0.000000000000000000		0.000000000000000000
3.373373373373373063		0.000250156429440084		0.000000000000000000		0.000000000000000000
3.471471471471471393		0.000434782065563615		0.000000000000000000		0.000000000000000000
3.569569569569569722		0.000717242561718028		0.000000000000000000		0.000000000000000000
3.667667667667667608		0.001133586285498967		0.000000000000000000		0.000000000000000000
3.765765765765765494		0.001726620741533594		0.000000000000000000		0.000000000000000127
3.863863863863863823		0.002546113482664438		0.000000000000000000		0.000000000173267345
3.961961961961962153		0.003652189014163988		0.000000000000000000		0.000000296481942757
4.060060060060060039		0.005114040816032219		0.000000000000000000		0.000017872422630023
4.158158158158157924		0.007008917521891289		0.000000000000000000		0.000248304343946732
4.256256256256255810		0.009430089184335756		0.000000000000000000		0.001682517140475607
4.354354354354354584		0.012495351261421660		0.000000000000000000		0.006433401954800655
4.452452452452452469		0.016358210338835562		0.000000000000000000		0.018018939675626323
4.550550550550550355		0.021225939974595771		0.000000000000000000		0.039512751489546083
4.648648648648649129		0.027374320973654595		0.000000000000000000		0.073487694594248754
4.746746746746746126		0.035143237566486810		0.000000000000000000		0.128803256181911574
4.844844844844844900		0.044925664051214856		0.000000000000000000		0.199994441514368099
4.942942942942942786		0.057166684156557783		0.000000000000000000		0.294408950736437247
5.041041041041040671		0.072358005681181614		0.000000000000000000		0.407967901516193110
5.139139139139139445		0.091154624133451115		0.000000000000000000		0.540122184555199336
5.237237237237236442		0.114432118030134505		0.000000000000000000		0.692587523625907919
5.335335335335335216		0.142636789328842883		0.000000000000000000		0.852548938517742938
5.433433433433433102		0.178339262721757541		0.000000000000000000		1.056838901399154818
5.531531531531530987		0.221326744406948689		0.000000000000000000		1.250677389182225152
5.629629629629629761		0.270780096436261386		0.000000000000000000		1.451092196606090345
5.727727727727727647		0.330727545511937782		0.000000000000000000		1.658488572311684450
5.825825825825825532		0.402831492419557347		0.000000000000000000		1.858114424830615619
5.923923923923924306		0.488434333321089764		0.000000000000000000		2.088397344556921276
6.022022022022022192		0.594576434754576111		0.000000000000208454		2.323586879105474345
6.120120120120120077		0.715269843529245053		0.000010574319930225		2.582717607520188974
6.218218218218217963		0.856357297604900425		0.001448320633074017		2.835526814524018668
6.316316316316315849		1.032831652121921850		0.018376408919171874		3.153978371652351953
6.414414414414414622		1.222320027733966086		0.063976999066636675		3.488348079259285139
6.512512512512512508		1.415494257854348570		0.131813676980138267		3.833222631477882114
6.610610610610610394		1.601030865734666575		0.227637833116609178		4.130544259719851397
6.708708708708708279		1.776028968963486498		0.333376150588997944		4.411188890553833453
6.806806806806806165		1.938354127024183082		0.450455589090218989		4.580046743112092145
6.904904904904904939		2.086621194457047856		0.568536298934379625		4.692367648843289274
7.003003003003002824		2.219444743479907611		0.689972885855584028		4.790902730887877325
7.101101101101100710		2.336243306085817206		0.802157090798845562		4.845356143266394078
7.199199199199198596		2.437313108449438381		0.903966846194179774		4.872117229141092132
7.297297297297297369		2.523058542347092370		0.989817215667560313		4.931608920281107977
7.395395395395395255		2.593883992238431802		1.070521826017923450		4.888541386730403282
7.493493493493493141		2.650409326027437285		1.143097774895623475		4.859460377440740331
7.591591591591591026		2.693490336722685896		1.200306801024224601		4.839617265714228900
7.689689689689689800		2.723976092552545136		1.255635596109657026		4.794867637857924692
7.787787787787787686		2.742735478188427667		1.304295040553010931		4.769462261505809764
7.885885885885885571		2.750662331656204440		1.343467535492901543		4.726420243582913905
7.983983983983983457		2.748703959190886170		1.372129851765715003		4.662962104225882420
8.082082082082081342		2.737827892060830326		1.396502283213816531		4.604873137870681532
8.180180180180180116		2.718941166736470461		1.412472976907579669		4.526639042206673125
8.278278278278278890		2.692887107699227567		1.423312698762783546		4.412211853899116853
8.376376376376375887		2.660437981370455951		1.420902853510749519		4.322507747293668601
8.474474474474472885		2.622363082111121901		1.414915656887145934		4.231479025176081876
8.572572572572571659		2.579384176765757708		1.406840953174840481		4.147074541007809145
8.670670670670670432		2.532202220116920088		1.396695633832396810		4.060616910442348626
8.768768768768769206		2.481472069990740881		1.379109317193786488		3.969311263921771360
8.866866866866866204		2.427815717813492036		1.358157776228809510		3.863619198603164939
8.964964964964964977		2.371816196639909613		1.343396183853625914		3.752142614267244269
9.063063063063061975		2.314027987941422282		1.314107064617450860		3.657945594378928078
9.161161161161160749		2.254980811177656363		1.286190281774137523		3.552768117279935023
9.259259259259259522		2.195160189078989355		1.251497340840790562		3.451595863655957608
9.357357357357358296		2.134996834459224502		1.220625906414375628		3.362439668694170880
9.455455455455455294		2.074883640343438085		1.183895554991997612		3.259423481616805063
9.553553553553552291		2.015145835473927338		1.153162335215584422		3.160061563985649524
9.651651651651651065		1.956074232097648080		1.119270005409319868		3.065883621052537755
9.749749749749749839		1.897898883957884308		1.087926803017821298		2.970595059656920167
9.847847847847848612		1.840818933868201501		1.057440905060866632		2.882568710170777315
9.945945945945945610		1.784995810127909532		1.025085288050329835		2.791204954103662761
10.044044044044044384		1.730549346636212960		0.994723534127744391		2.703483694165711881
10.142142142142141381		1.677573346688804978		0.964734358719382956		2.615694856204946461
10.240240240240240155		1.626130347096793161		0.936818082751650016		2.530100724542819091
10.338338338338337152		1.576260461799213530		0.909814653160898934		2.453048802930696493
10.436436436436435926		1.527984979847788694		0.882189966715603013		2.375652608094463325
10.534534534534534700		1.481304337461895937		0.856276138443946899		2.305102866969915620
10.632632632632631697		1.436204919794360491		0.831223194069798943		2.236396936738525465
10.730730730730730471		1.392666584172052247		0.807675863628229851		2.166175275390389565
10.828828828828829245		1.350657286683267344		0.782949315042953398		2.100954781060463183
10.926926926926926242		1.310139479659606865		0.758623618092175156		2.035325887391712829
11.025025025025025016		1.271077676639860821		0.735241977964924742		1.974170763656915240
11.123123123123122014		1.233424847859676987		0.713792092567048120		1.913224935171377483
11.221221221221220787		1.197140274782360736		0.693925200836202238		1.855561478618679816
11.319319319319319561		1.162171487402290149		0.673530563896595047		1.799919859616298634
11.417417417417416559		1.128476149873074430		0.653823257680862358		1.747062691474349228
11.515515515515515332		1.096004184112288948		0.635937755166552710		1.695515770368834385
11.613613613613612330		1.064710851451410090		0.618239600221313523		1.647143549634165094
11.711711711711711104		1.034549914237155033		0.601586533032250514		1.600979301060535542
11.809809809809809877		1.005475613772071064		0.584699834041845445		1.555751988027829658
11.907907907907906875		0.977443958577636329		0.568511579808845813		1.512023161139142369
12.006006006006005649		0.950415141484411530		0.553475305813975971		1.469192795033709364
12.104104104104104422		0.924345869357059202		0.538208439001497951		1.428132697605311474
12.202202202202201420		0.899198153930276911		0.524270475212993858		1.388505201573605907
12.300300300300300194		0.874933372427629474		0.510471712991485749		1.349300564342055031
12.398398398398397191		0.851513877722524959		0.496708511059927638		1.312688777565231391
12.496496496496495965		0.828905458870561107		0.483665119676427169		1.277916524931123066
12.594594594594594739		0.807075092488446000		0.471834227047352395		1.243953141231173287
12.692692692692691736		0.785990513399722479		0.458558259806078117		1.211231496946904906
12.790790790790790510		0.765620380687485835		0.447445449607406454		1.180076395948009393
12.888888888888889284		0.745935948537959304		0.435842067081860129		1.147083660841466513
12.986986986986986281		0.726909127247918896		0.424850202725418957		1.117294400216352734
13.085085085085085055		0.708512936326330167		0.414085215183166933		1.090383222346647862
13.183183183183182052		0.690722507605867064		0.403427418870748289		1.063964940164839668
13.281281281281280826		0.673514106877274976		0.393183554879756814		1.037144863808579842
13.379379379379379600		0.656864767299973118		0.383280870314935407		1.011570522990039356
13.477477477477476597		0.640751063560093814		0.373522795698450483		0.987480685304893524
13.575575575575575371		0.625153105099278017		0.364090339911490701		0.963964314983029369
13.673673673673672369		0.610051686510387325		0.355320605550702828		0.940353750292662327
13.771771771771771142		0.595426164080537057		0.346703992734421429		0.917318286448526643
13.869869869869869916		0.581259522846465759		0.338206300886234101		0.895185184989689686
13.967967967967966914		0.567534311707489136		0.330420609317638725		0.874462846566229746
14.066066066066065687		0.554232378019739569		0.322719356254024980		0.853269796450742635
14.164164164164164461		0.541340165751346913		0.315118001606084219		0.832889342922000120
14.262262262262261459		0.528840547219760593		0.307823004594203364		0.813639058708144014
14.360360360360360232		0.516719978182751505		0.300683108765178952		0.794362856856098531
14.458458458458457230		0.504964389614600662		0.293941171188581485		0.776469264732991604
14.556556556556556004		0.493560631053276133		0.287204558148628331		0.759442550181770648
14.654654654654654777		0.482495429942977727		0.281006270553137871		0.743112173466657921
14.752752752752751775		0.471757611264333965		0.274543814688186949		0.726808929124384551
14.850850850850850549		0.461334460576262428		0.268341037978516939		0.711207754286428906
14.948948948948947546		0.451215985810406672		0.262570726566010881		0.695384348893953286
15.047047047047046320		0.441390232272945715		0.256494922478487042		0.680171164566526820
15.145145145145145094		0.431848189571844177		0.250837453496002283		0.665596152175583766
15.243243243243242091		0.422579023099250495		0.245245138315920236		0.651722456876802636
15.341341341341340865		0.413574340222441106		0.239984445828794357		0.637875341761197978
15.439439439439439639		0.404823986246679923		0.234950858580160238		0.624629102252964308
15.537537537537536636		0.396320507330401806		0.230116533613109076		0.611461192438157108
15.635635635635635410		0.388054713877580726		0.225327232666437227		0.599246091133339154
15.733733733733732407		0.380018857877447880		0.220553218408652635		0.586251594683203758
15.831831831831831181		0.372205565865886601		0.215847329843291080		0.574580876654177342
15.929929929929929955		0.364607181399371705		0.211277919863275376		0.562832354157347003
16.028028028028025176		0.357216964990497321		0.206837420476707529		0.551779336360630368
16.126126126126123950		0.350027991356336443		0.202631710729385517		0.540705191840100463
16.224224224224222723		0.343033681231865728		0.198357729404749689		0.530261361401933029
16.322322322322321497		0.336227623460099878		0.194111132224334793		0.519809666315752983
16.420420420420420271		0.329604261520115127		0.190047677069350218		0.509844092750533329
16.518518518518519045		0.323157548285018026		0.186276613963567289		0.499981728961619354
16.616616616616617819		0.316882061678051774		0.182457714111676411		0.490149316971147386
16.714714714714716592		0.310772191793675601		0.178758365659668600		0.480310933899749271
16.812812812812811814		0.304823138755828060		0.175495122037097412		0.471891531728657443
16.910910910910910587		0.299029685496999820		0.172267298122084939		0.463329664882320802
17.009009009009005808		0.293387167381583602		0.168849637898529026		0.454670013565123599
17.107107107107104582		0.287890972019410885		0.165455774461654964		0.446273864815506960
17.205205205205203356		0.282536719728092967		0.162171499717056494		0.437789938095406339
17.303303303303302130		0.277320092432316090		0.159237371947543643		0.429630434612236045
17.401401401401400904		0.272237132882657662		0.156209311349777419		0.422232114374612333
17.499499499499499677		0.267283733951117819		0.153163144051917860		0.415019821185214854
17.597597597597598451		0.262456175010854609		0.150335056818897972		0.407981397222331177
17.695695695695697225		0.257750785501108470		0.147734790566201396		0.400854674588601578
17.793793793793792446		0.253164015252838603		0.144897409612218753		0.393861415995037101
17.891891891891891220		0.248692502031067686		0.141998947402381226		0.386921330444118972
17.989989989989989994		0.244332966796998258		0.139353316210921313		0.379930634684681245
18.088088088088088767		0.240082213519191595		0.136795833110176068		0.373542017351761013
18.186186186186183988		0.235937185042471631		0.134545032288101662		0.367610777504663311
18.284284284284282762		0.231894941885496336		0.132147868355675435		0.361558877742258644
18.382382382382381536		0.227952632588899390		0.129739015801665802		0.356318058495734391
18.480480480480480310		0.224107526164435966		0.127496117622856037		0.350860878546673916
18.578578578578579084		0.220357000141105736		0.125237290487282993		0.345330212642297407
18.676676676676674305		0.216698507033212667		0.122809245436639403		0.339898017258016660
18.774774774774773078		0.213129674381863116		0.120736407905020146		0.334363161566915812
18.872872872872871852		0.209648043224770736		0.118574254686979963		0.329394364650602789
18.970970970970970626		0.206251194669220317		0.116529026512096831		0.324615293922942916
19.069069069069069400		0.202937031614089630		0.114530496786139593		0.319590364622439449
19.167167167167168174		0.199703438136375339		0.112699133839071014		0.314874389505717667
19.265265265265263395		0.196548289622426764		0.110822738046817096		0.310453254784614718
19.363363363363362168		0.193469628219965800		0.109070383262257126		0.305870045152272174
19.461461461461460942		0.190465728157920705		0.107291835547575071		0.301692859350829456
19.559559559559559716		0.187534326635746179		0.105535259135848616		0.297440877431767559
19.657657657657658490		0.184673790220175382		0.103866049140637878		0.293331181888348336
19.755755755755753711		0.181882566139027618		0.102367695187528862		0.288870617874982805
19.853853853853852485		0.179158798000782021		0.100916714294916193		0.284729639275895841
19.951951951951951258		0.176501100156807533		0.099362618116474163		0.280599761014638238
20.050050050050050032		0.173907595754728833		0.097723352739888164		0.276545512623099621
20.148148148148148806		0.171377047275718897		0.096312925897429208		0.273178494121705362
20.246246246246244027		0.168907822840648397		0.094938351001726429		0.269668178557458948
20.344344344344342801		0.166498627323487608		0.093466077428177904		0.266487816298546121
20.442442442442441575		0.164148030207235174		0.092023839490539869		0.263382729055143650
20.540540540540540349		0.161854811197720411		0.090600367043869562		0.259396294486259504
20.638638638638639122		0.159617733028876191		0.089370211900705404		0.256184200193720402
20.736736736736734343		0.157435579118240326		0.088020186770698963		0.253004838745040428
20.834834834834833117		0.155306930774734592		0.086680158832149926		0.249868522761419826
20.932932932932931891		0.153231004446470476		0.085466957440918465		0.247073361481187914
21.031031031031030665		0.151206597106577523		0.084192274240009926		0.243934208395498425
21.129129129129129439		0.149232600723452846		0.082992461153932551		0.241388740366591775
21.227227227227224660		0.147307970733800087		0.081775483996935169		0.238845911879974754
21.325325325325323433		0.145431908156464729		0.080598826823061964		0.236277411689094080
21.423423423423422207		0.143603351839796167		0.079402233516961518		0.233584335749892180
21.521521521521520981		0.141821373454876998		0.078331829859388566		0.230717118049174968
21.619619619619619755		0.140085243631571127		0.077260972493917585		0.228617030726192300
21.717717717717718529		0.138394004780128449		0.076147600324479411		0.225966151958789274
21.815815815815813750		0.136746867919406517		0.075116203871932866		0.223761401688712225
21.913913913913912523		0.135143243055940443		0.074085521722115508		0.221450839338622557
22.012012012012011297		0.133582075967154351		0.073193404477022328		0.219010282603276624
22.110110110110110071		0.132062940445105331		0.072192517148116822		0.217221859709833903
22.208208208208208845		0.130585100520041714		0.071279330717932243		0.215326312086619953
22.306306306306304066		0.129147759085547792		0.070349178152719002		0.213358688651608175
22.404404404404402840		0.127750566862904397		0.069441845245381356		0.212132916048638848
22.502502502502501613		0.126392683642924220		0.068598370620972043		0.210556874150557349
22.600600600600600387		0.125073602255259070		0.067633517829439035		0.208506414096082254
22.698698698698699161		0.123793021671422462		0.066743334693971576		0.207204070613779157
22.796796796796794382		0.122550087284709369		0.065979649035528234		0.205371812376611451
22.894894894894893156		0.121344542156849422		0.065233903830157577		0.203904533707625513
22.992992992992991930		0.120175865852137811		0.064348198450257230		0.202636150905909862
23.091091091091090703		0.119043610476416983		0.063592126337372989		0.201150393642919784
23.189189189189189477		0.117947462868733907		0.062750787512061576		0.199613380813760011
23.287287287287284698		0.116886904145197673		0.061985225408133976		0.198420861178752322
23.385385385385383472		0.115861750225717652		0.061312255123707825		0.197454607756880063
23.483483483483482246		0.114871423679267448		0.060773637090494270		0.197158242452311616
23.581581581581581020		0.113915885630850186		0.060158050900083138		0.196415751530904181
23.679679679679679793		0.112994588919076752		0.059528158247644805		0.195544222515171728
23.777777777777778567		0.112107504020181492		0.058834168561362504		0.195010367140792534
23.875875875875873788		0.111254323604923280		0.058194006704609565		0.194224194781439624
23.973973973973972562		0.110434726446141523		0.057471155658232916		0.193641849165321289
24.072072072072071336		0.109648675644745383		0.056736841972377647		0.192961422689922529
24.170170170170170110		0.108895805006186508		0.055975845800917495		0.192416895491447137
24.268268268268268884		0.108176186709270317		0.055424674615650017		0.191716922194357930
24.366366366366364105		0.107489529860769734		0.054887239049050358		0.191623275871393495
24.464464464464462878		0.106835782356210926		0.054311511770194054		0.191054526799586011
24.562562562562561652		0.106214870002376560		0.053705889319342080		0.190262371995439522
24.660660660660660426		0.105626671415912254		0.053040767787374841		0.190163493422740887
24.758758758758759200		0.105071222979851747		0.052519181485291354		0.190149245769832359
24.856856856856854421		0.104548414630682485		0.051968730302147492		0.189669105872711741
24.954954954954953195		0.104058349045013238		0.051502450287772138		0.189770075010263634
25.053053053053051968		0.103600944330975317		0.051023959978161060		0.189464582373956941
25.151151151151150742		0.103176323072110554		0.050491849590541101		0.189391889503141925
25.249249249249249516		0.102784508726140533		0.050054197555129257		0.189825323340822083
25.347347347347344737		0.102425551149354102		0.049603409373003220		0.190261163520600740
25.445445445445443511		0.102099622746954444		0.049156878329469023		0.190696136624655482
25.543543543543542285		0.101806732796657973		0.048656587736488593		0.190464113716096228
25.641641641641641058		0.101547180949990865		0.048206812502641957		0.190849501209265915
25.739739739739739832		0.101320934483536892		0.047855988400555646		0.191255485024996258
25.837837837837835053		0.101128397978780274		0.047474135340950706		0.191640318298800794
25.935935935935933827		0.100969547875741028		0.047112714468842187		0.192340800080744057
26.034034034034032601		0.100844784929968040		0.046667036686543387		0.192884866039034097
26.132132132132131375		0.100754204607712575		0.046308135524547177		0.193346059881968207
26.230230230230230148		0.100698164359682374		0.045943312351238816		0.193928929913487091
26.328328328328328922		0.100676876098792611		0.045720788288976667		0.194925046253699941
26.426426426426424143		0.100690670554525366		0.045364014173431666		0.195820251278660762
26.524524524524522917		0.100739865017395139		0.045100185003623547		0.196292955791583873
26.622622622622621691		0.100824763879666282		0.044743979313876643		0.197172033601549862
26.720720720720720465		0.100945749599415546		0.044490610091668562		0.198181091332407244
26.818818818818819238		0.101103154682176344		0.044193450693684543		0.198858439598335851
26.916916916916914460		0.101297350380707155		0.044015133228679941		0.199925994089503622
27.015015015015013233		0.101528764268638091		0.043771272254692316		0.200625112122781613
27.113113113113112007		0.101797776726887598		0.043485392767620493		0.201699517904515652
27.211211211211210781		0.102104883122870860		0.043168136457635696		0.202608561008418592
27.309309309309309555		0.102450474184739557		0.042938611908313551		0.203655068397499972
27.407407407407404776		0.102835037102152638		0.042753899468985813		0.204592146461318680
27.505505505505503550		0.103259033925781105		0.042463431462303164		0.205400697929066622
27.603603603603602323		0.103722917613042157		0.042215511548144770		0.206617487345880896
27.701701701701701097		0.104227277821913100		0.041998120503501817		0.208299925883320469
27.799799799799799871		0.104772511730254869		0.041839589356910858		0.209406441242795394
27.897897897897895092		0.105359284720336233		0.041577708348292407		0.210483443097660067
27.995995995995993866		0.105987991102578602		0.041451173969006723		0.211555509182176443
28.094094094094092640		0.106659192172157927		0.041454296704163528		0.213109081026720326
28.192192192192191413		0.107373559386396061		0.041445957414604190		0.213938046557554912
28.290290290290290187		0.108131519616453287		0.041401174903543413		0.216036924855188994
28.388388388388388961		0.108933711411258585		0.041179523092398487		0.217522160160101286
28.486486486486484182		0.109780691339550970		0.041197115962571640		0.219425885429091777
28.584584584584582956		0.110672993998479879		0.041243927852338727		0.220822025084055518
28.682682682682681730		0.111611262364550212		0.041149378710627293		0.222385471058472672
28.780780780780780503		0.112596057568766422		0.041172757826298097		0.223967280922124284
28.878878878878879277		0.113627893748236078		0.041185248087471170		0.225891799882482897
28.976976976976974498		0.114707454955712454		0.041401733702860752		0.228090453602311588
29.075075075075073272		0.115835241245878878		0.041483459117638975		0.230129981494175462
29.173173173173172046		0.117011807711993376		0.041558824965081155		0.232194492666981139
29.271271271271270820		0.118237798351766829		0.041736606774479879		0.233601388877343163
29.369369369369369593		0.119513656439663427		0.041915304759586443		0.235652647625439776
29.467467467467464814		0.120840028114695380		0.042051383634351944		0.238032552094487870
29.565565565565563588		0.122217358263321321		0.042169256827252942		0.240310830293006927
29.663663663663662362		0.123646018983186376		0.042369102687399317		0.243244663819620344
29.761761761761761136		0.125126725584582099		0.042602278607635748		0.245963455675844267
29.859859859859859910		0.126659729055685261		0.042958273342206463		0.248144416483125352
29.957957957957955131		0.128245323698451680		0.043144527497656474		0.250911085370082110
30.056056056056053905		0.129884098728606540		0.043693547593560138		0.253946916586102134
30.154154154154152678		0.131576058024961584		0.044368030341844104		0.256629886510199912
30.252252252252251452		0.133321469488924843		0.044932056825727665		0.259006776317838305
30.350350350350350226		0.135120614560168439		0.045616455478365417		0.262395040386028955
30.448448448448445447		0.136973159132380284		0.046517367508547160		0.265461394037194598
30.546546546546544221		0.138879167855365138		0.047028837502129522		0.268886134617235317
30.644644644644642995		0.140838528635710919		0.047806477970509444		0.272019117658296672
30.742742742742741768		0.142850507660262471		0.048714195823997920		0.273706692817294206
30.840840840840840542		0.144914638927427758		0.049938023473540573		0.276530330341959341
30.938938938938939316		0.147030272942368978		0.051215493195500388		0.279254586099448976
31.037037037037034537		0.149196077371764546		0.052437104925980207		0.282473899585063637
31.135135135135133311		0.151410809519527484		0.053462215010449260		0.286882365338333500
31.233233233233232085		0.153672908400323105		0.054814380075025038		0.290572499802314699
31.331331331331330858		0.155980243857611084		0.056139856173681099		0.293077772643272227
31.429429429429429632		0.158330428420658476		0.057828307817531364		0.296544277953627144
31.527527527527524853		0.160720650562344108		0.059701053690451734		0.299806472281832270
31.625625625625623627		0.163147560742749997		0.061359374871614032		0.303297228107045957
31.723723723723722401		0.165607296151678324		0.063225055070163239		0.308143078666295145
31.821821821821821175		0.168095217126785990		0.064670442597145078		0.313414959491013945
31.919919919919919948		0.170606463273406284		0.066350405838076137		0.318259843828259059
32.018018018018011617		0.173135157579472371		0.067633697757945394		0.323295211574563313
32.116116116116117496		0.175674544636605284		0.069212485415849553		0.328433446479727664
32.214214214214209164		0.178217747584647840		0.070799776733918948		0.333905990268389130
32.312312312312315044		0.180756494016296315		0.072215713095789599		0.340399081063037123
32.410410410410406712		0.183281567638796522		0.073430525893785542		0.345124088907452109
32.508508508508505486		0.185783848050993766		0.074485213903237937		0.350515944541487434
32.606606606606604259		0.188252495537924780		0.075908651894433715		0.356924887382407741
32.704704704704703033		0.190676027118502178		0.076335553112133248		0.362267638709160844
32.802802802802801807		0.193042489140525020		0.076848720514903823		0.368245831690138248
32.900900900900900581		0.195339391552552977		0.077585748802932744		0.372827183822998176
32.998998998998999355		0.197553109205859140		0.078148993945886425		0.379900486637549606
33.097097097097091023		0.199669645220350883		0.078678221163485995		0.384794420151399585
33.195195195195196902		0.201675354028840764		0.078887639737118154		0.390783216981582471
33.293293293293288571		0.203555492491342471		0.078681497982793988		0.396193837927189485
33.391391391391394450		0.205295415851091845		0.079094342856836766		0.401375926103381020
33.489489489489486118		0.206880947686819250		0.079251309405861989		0.406965790132433114
33.587587587587584892		0.208298491780821604		0.079319855468960782		0.412942056570440308
33.685685685685683666		0.209533991126860081		0.079164506584449346		0.418888231146717027
33.783783783783782440		0.210574896109334220		0.078868816162953589		0.424048204746018398
33.881881881881881213		0.211409687834517579		0.078486338349886317		0.428534363420207509
33.979979979979979987		0.212027466492155120		0.078046867401870154		0.434590779269510619
34.078078078078078761		0.212418887608518819		0.077411555779866151		0.437005320313866352
34.176176176176177535		0.212575991423612831		0.076762010415294180		0.439652364793675254
34.274274274274276308		0.212493178132201699		0.076224628204860076		0.441672231550669592
34.372372372372367977		0.212165274196697312		0.075774257765741218		0.440297589989783689
34.470470470470466751		0.211589771917193248		0.075176707235125484		0.441648754332771620
34.568568568568565524		0.210765821414003157		0.074393503905422112		0.441084451942779010
34.666666666666664298		0.209694751753111391		0.073682436256192960		0.441956314171841336
34.764764764764763072		0.208379260787280002		0.072824674379948426		0.439674656428785560
34.862862862862861846		0.206824140840825510		0.071996481685762337		0.438930351082458259
34.960960960960960620		0.205035807583711982		0.071314798228811427		0.436347310868441141
35.059059059059059393		0.203022765816114559		0.070263935483865406		0.434165968781416445
35.157157157157158167		0.200794422019549362		0.069162473558789933		0.428396829249922062
35.255255255255256941		0.198361952237448930		0.068213247453548204		0.423026469822604279
35.353353353353348609		0.195737029113938976		0.067052127441869766		0.418021429128935196
35.451451451451447383		0.192933734001748430		0.065814334464807459		0.411319541651015697
35.549549549549546157		0.189965750152688267		0.064313749971202733		0.404615718162078142
35.647647647647644931		0.186847836530040806		0.062894114892335748		0.399957067516291620
35.745745745745743704		0.183594649853372288		0.061701744405483101		0.394155873449794691
35.843843843843842478		0.180222513053385686		0.060356990939802672		0.386549971355463817
35.941941941941941252		0.176746592764836147		0.058913363959618714		0.378745015509025340
36.040040040040040026		0.173182390136602943		0.057518190943944551		0.371581302810930159
36.138138138138138800		0.169544727573705784		0.055959216701011165		0.361888443491423184
36.236236236236237573		0.165849134069685350		0.054400432125356342		0.354094187441164832
36.334334334334336347		0.162109928723545876		0.052381343570078565		0.348206311223810072
36.432432432432428016		0.158340884081075939		0.050530265152730333		0.337870297040571310
36.530530530530526789		0.154554955836946617		0.048670251135609285		0.329588852386871689
36.628628628628625563		0.150764695260435955		0.046930012712621989		0.323038178173652935
36.726726726726724337		0.146982077966770514		0.045231499819672429		0.314915746591719670
36.824824824824823111		0.143217639666840951		0.043327723841898216		0.307791693450475468
36.922922922922921884		0.139481199295887037		0.041542191245770549		0.300101148740447299
37.021021021021020658		0.135781716509273148		0.039595345894454438		0.293398351465580465
37.119119119119119432		0.132127782018182566		0.037550004348548972		0.285439809499676678
37.217217217217218206		0.128526377394489077		0.035874002942073928		0.277680526119590654
37.315315315315316980		0.124983739243134259		0.034256700563626036		0.270457316193060848
37.413413413413408648		0.121505503551634836		0.032828886380663939		0.263923181891655034
37.511511511511507422		0.118096364687684932		0.031112607083315345		0.256724912017754547
37.609609609609606196		0.114760466199700942		0.029251786146791515		0.251172017988193275
37.707707707707704969		0.111500698416138355		0.027811101921407792		0.245362554144332029
37.805805805805803743		0.108319702831127018		0.026318475541386371		0.239042855824742967
37.903903903903902517		0.105219238223293723		0.025027732834845356		0.231880723193328059
38.002002002002001291		0.102200854900649382		0.023904363353305598		0.225152153727653431
38.100100100100100065		0.099264981572796798		0.023071198674881558		0.219177230367738590
38.198198198198198838		0.096411960651315409		0.022144438913742022		0.212877667398691489
38.296296296296297612		0.093641676071324148		0.021330559428286502		0.207557815011032876
38.394394394394389280		0.090953491972585357		0.020449289200365740		0.202253968305226850
38.492492492492488054		0.088346558106635900		0.019665895268258588		0.197470148695452596
38.590590590590586828		0.085819716441221175		0.018952440467306271		0.192553714125191205
38.688688688688685602		0.083371598142822773		0.018223656145319716		0.187742693381725723
38.786786786786784376		0.081000621898924430		0.017608836577639175		0.183491184335666330
38.884884884884883149		0.078704926764172081		0.016963584223366718		0.178479937040697728
38.982982982982981923		0.076482829447169984		0.016425033685575418		0.174322204159885918
39.081081081081080697		0.074332335815269546		0.015838579052880181		0.170608373533836732
39.179179179179179471		0.072251472980355003		0.015285879154861693		0.167007517248441373
39.277277277277278245		0.070238256725706480		0.014889234975987460		0.163359880379085942
39.375375375375377018		0.068290495058028047		0.014484808833390938		0.159873735267819533
39.473473473473468687		0.066406351568503566		0.014081344360014078		0.157198447401387442
39.571571571571567461		0.064583759265512880		0.013731756927526219		0.153254977851316920
39.669669669669666234		0.062820759008212129		0.013433485105715610		0.149653455343985775
39.767767767767765008		0.061115377885402868		0.013051814829501582		0.146318103168084052
39.865865865865863782		0.059465673288316950		0.012771210807428417		0.143079241143207941
39.963963963963962556		0.057869922567303299		0.012481614634644006		0.140010240573834793
40.062062062062061329		0.056326250840575229		0.012195878175905155		0.136799991859034714
40.160160160160160103		0.054832981194171876		0.011939791591749184		0.133690435692326443
40.258258258258258877		0.053388325641351694		0.011674267723780139		0.130699781522786801
40.356356356356357651		0.051990675303118579		0.011407233266719354		0.127396050961529061
40.454454454454449319		0.050638518388718100		0.011226233705530353		0.124651703030542432
40.552552552552548093		0.049330263104797531		0.011039018444011324		0.121737821191227169
40.650650650650646867		0.048064453996814298		0.010868905087807385		0.118423142399642009
40.748748748748745641		0.046839601745957811		0.010675253923433796		0.116095307044687832
40.846846846846844414		0.045654348839234887		0.010514555582870131		0.113996189110440627
40.944944944944943188		0.044507355478674314		0.010365634667567068		0.111814245953799879
41.043043043043041962		0.043397333772677224		0.010172327936704863		0.108906790462585251
41.141141141141140736		0.042323010557058345		0.010001504961517338		0.106992477393866359
41.239239239239239510		0.041283151256868961		0.009825470952618848		0.105031056111824755
41.337337337337338283		0.040276590997202308		0.009623679706033287		0.102896674875562866
41.435435435435437057		0.039302185475273997		0.009474904898761625		0.100389810727220044
41.533533533533528725		0.038358852561610077		0.009309823841543578		0.098091311331271525
41.631631631631627499		0.037445516905757946		0.009172906044646210		0.095768569999534023
41.729729729729726273		0.036561134023999853		0.009029298740024182		0.093717390594430586
41.827827827827825047		0.035704708620504927		0.008887088326663538		0.091450510442535410
41.925925925925923821		0.034875294212996982		0.008740035772841557		0.089135774580286681
42.024024024024022594		0.034071926918688836		0.008596144466213283		0.086870754130514635
42.122122122122121368		0.033293759238699261		0.008449998588157931		0.084984713487871885
42.220220220220220142		0.032539865898080035		0.008323522568439245		0.083175832277047640
42.318318318318318916		0.031809440380332302		0.008215857147513656		0.081249857271861251
42.416416416416417690		0.031101669263433048		0.008122403771729089		0.079761674401071167
42.514514514514509358		0.030415758555140161		0.008019265382476558		0.077897025242861948
42.612612612612608132		0.029750958304632081		0.007890278546496897		0.076338073030574743
42.710710710710706906		0.029106543040978681		0.007760962839927442		0.074798279747249521
42.808808808808805679		0.028481797431062224		0.007667247330711891		0.073221703915530470
42.906906906906904453		0.027876064161566582		0.007566510201523546		0.071764951545259248
43.005005005005003227		0.027288672260736981		0.007472824200807627		0.070350331262043805
43.103103103103102001		0.026718990601378820		0.007378078461517563		0.068756471281536488
43.201201201201200774		0.026166416570700003		0.007293534445110226		0.067475626721359330
43.299299299299299548		0.025630359501184103		0.007207796445299906		0.066037065520913055
43.397397397397398322		0.025110255281512679		0.007112946267897618		0.064570994926441208
43.495495495495497096		0.024605560329342569		0.007023796381783651		0.063229881483275838
43.593593593593588764		0.024115748175594118		0.006948253097115761		0.061942498353222450
43.691691691691687538		0.023640316495629608		0.006855870877077948		0.060529608329977627
43.789789789789786312		0.023178750177569821		0.006780334718795604		0.059235561111590430
43.887887887887885086		0.022730607864989465		0.006710166570470885		0.058118894245837320
43.985985985985983859		0.022295426954389356		0.006625807176472687		0.056879702402672559
44.084084084084082633		0.021872772805921793		0.006526861285019714		0.055679702834100120
44.182182182182181407		0.021462220414059045		0.006446193746620633		0.054452503412650149
44.280280280280280181		0.021063370124902246		0.006360869007007629		0.053491464034415015
44.378378378378378954		0.020675804117647033		0.006289892737593292		0.052314276894275147
44.476476476476477728		0.020299172176821968		0.006223891362362080		0.051279710831640200
44.574574574574569397		0.019933101672142635		0.006140771515633447		0.050156939121576039
44.672672672672668170		0.019577247785723388		0.006068602258329750		0.049028410018858493
44.770770770770766944		0.019231266533633461		0.006001688121520268		0.047964877874355591
44.868868868868865718		0.018894840605752694		0.005945005008225206		0.047057323473932287
44.966966966966964492		0.018567634769741867		0.005874497928946632		0.046175674845936092
45.065065065065063266		0.018249355740272630		0.005810199250238457		0.045255664999863970
45.163163163163162039		0.017939717472479046		0.005750398883156997		0.044429278623827562
45.261261261261260813		0.017638442874656102		0.005694678027372765		0.043473211636976039
45.359359359359359587		0.017345249939108177		0.005624156162828704		0.042660994471203167
45.457457457457458361		0.017059891335514131		0.005562117145982680		0.041786653855125727
45.555555555555557135		0.016782093366440747		0.005510038107128420		0.041020055862899106
45.653653653653648803		0.016511615348051817		0.005451439710274719		0.040159675036158006
45.751751751751747577		0.016248232620722360		0.005388584852645853		0.039443275428012792
45.849849849849846350		0.015991718486956751		0.005310951925335632		0.038630390949325244
45.947947947947945124		0.015741853069230396		0.005260785163488872		0.037910928654827952
46.046046046046043898		0.015498431504764503		0.005207720997901887		0.037087554238770234
46.144144144144142672		0.015261236047459376		0.005152063494041742		0.036294989627443104
46.242242242242241446		0.015030077510903109		0.005084485390104269		0.035532972678433521
46.340340340340340219		0.014804753911452246		0.005022652039000181		0.034878306316052689
46.438438438438438993		0.014585103283641605		0.004965482201692167		0.034255711405635283
46.536536536536537767		0.014370939088946129		0.004915862471382687		0.033620963165340835
46.634634634634629435		0.014162101492942654		0.004864482987971199		0.032952319431861894
46.732732732732728209		0.013958409989721860		0.004814644544644761		0.032321375292391263
46.830830830830826983		0.013759711873091629		0.004767001780226525		0.031644446537421649
46.928928928928925757		0.013565854629476430		0.004706810784214407		0.031043220323650374
47.027027027027024531		0.013376681086601200		0.004663299676688768		0.030491673862881197
47.125125125125123304		0.013192063286306253		0.004619923203610388		0.029991801252197567
47.223223223223222078		0.013011855679493263		0.004573460628054604		0.029501398588330532
47.321321321321320852		0.012835934637557687		0.004531717118523339		0.029077305064914027
47.419419419419419626		0.012664154841150131		0.004482039976801508		0.028626773799488050
47.517517517517518399		0.012496401260349397		0.004442968399646123		0.028103569844913811
47.615615615615610068		0.012332550075582149		0.004398483705117708		0.027636910534600777
47.713713713713708842		0.012172482933826488		0.004355145316816994		0.027082222260961065
47.811811811811807615		0.012016089881466038		0.004312155964960627		0.026558168877314974
47.909909909909906389		0.011863269280935340		0.004272770611008120		0.026040281329270193
48.008008008008005163		0.011713910553721630		0.004236879499587587		0.025716270297897664
48.106106106106103937		0.011567908357710210		0.004201034257584526		0.025385107519262498
48.204204204204202711		0.011425169044255579		0.004167268493060357		0.024992288210312855
48.302302302302301484		0.011285595941159373		0.004123892902934009		0.024590912843347999
48.400400400400400258		0.011149097073495170		0.004086420097433498		0.024135841611933072
48.498498498498499032		0.011015577039437712		0.004052231207133757		0.023693183532360815
48.596596596596597806		0.010884968986742320		0.004011384080844493		0.023417113602263943
48.694694694694689474		0.010757172334739357		0.003964152650907897		0.023062227624788077
48.792792792792788248		0.010632112774768806		0.003927002997013007		0.022727169394648170
48.890890890890887022		0.010509711886365673		0.003878307440236533		0.022378117261482026
48.988988988988985795		0.010389894805222658		0.003844330036211201		0.022086845131436238
49.087087087087084569		0.010272587085402010		0.003807880686096595		0.021776175635900792
49.185185185185183343		0.010157720064303053		0.003777986100156326		0.021438177013293539
49.283283283283282117		0.010045223313915164		0.003738994596578102		0.021200521410700571
49.381381381381380891		0.009935031935210852		0.003704289388655964		0.020961157839016049
49.479479479479479664		0.009827083591407486		0.003667324328549818		0.020698448650696151
49.577577577577578438		0.009721313523898654		0.003628119020590218		0.020429125907623882
49.675675675675670107		0.009617665357020820		0.003593758869952237		0.020174568129063784
49.773773773773768880		0.009516076991979558		0.003554481326254682		0.019879744039267056
49.871871871871867654		0.009416494126220760		0.003519917776258899		0.019623126168371370
49.969969969969966428		0.009318865893456735		0.003485004206316459		0.019414099459531643
50.068068068068065202		0.009223127760596033		0.003446478801255645		0.019108706322532490
50.166166166166163976		0.009129238779810377		0.003415105685859270		0.018858763072337748
50.264264264264262749		0.009037146753120709		0.003384339540975312		0.018630322823806614
50.362362362362361523		0.008946805421829790		0.003359024198173806		0.018351862966377450
50.460460460460460297		0.008858166300953462		0.003322567012053226		0.018169408746214918
50.558558558558559071		0.008771184539915877		0.003293570912856202		0.017920270392142442
50.656656656656657844		0.008685816340249362		0.003264711182608461		0.017673917187930249
50.754754754754749513		0.008602025351642411		0.003231094511234723		0.017447869230231932
50.852852852852848287		0.008519752379199955		0.003205090580346693		0.017299554270715452
50.950950950950947060		0.008438974850360189		0.003173712079300733		0.017172401139239117
51.049049049049045834		0.008359647983567515		0.003145783022781839		0.016968995794931333
51.147147147147144608		0.008281735565001823		0.003117382515829127		0.016801690948667024
51.245245245245243382		0.008205201576743837		0.003093278347426779		0.016613596080916119
51.343343343343342156		0.008130010380418627		0.003061022547814323		0.016459000691888350
51.441441441441440929		0.008056130441182481		0.003029411156903047		0.016241328130301221
51.539539539539539703		0.007983525448072643		0.003002915653307152		0.016104954800530372
51.637637637637638477		0.007912161169260246		0.002977233709402205		0.015980303600535858
51.735735735735730145		0.007842001364995566		0.002952291544928121		0.015865182371857862
51.833833833833828919		0.007773027606295902		0.002923512878821864		0.015743500584063184
51.931931931931927693		0.007705204774138115		0.002898664910315370		0.015572496972897004
52.030030030030026467		0.007638506243153532		0.002875675327834073		0.015425088740141405
52.128128128128125240		0.007572903930214024		0.002843580124944447		0.015286655555135760
52.226226226226224014		0.007508375012590583		0.002818896719945224		0.015133088864649627
52.324324324324322788		0.007444886489509215		0.002791416014085419		0.014960664404147565
52.422422422422421562		0.007382414872869999		0.002764224100263715		0.014804755292364488
52.520520520520520336		0.007320931299925317		0.002741511167413721		0.014662669920183889
52.618618618618619109		0.007260414638549166		0.002716460718327356		0.014538498601323658
52.716716716716717883		0.007200846660973646		0.002689167781765933		0.014443621774075190
52.814814814814809552		0.007142199854274041		0.002668099548739018		0.014330123969589543
52.912912912912908325		0.007084455641526113		0.002643731650333087		0.014228802759158735
53.011011011011007099		0.007027594720881236		0.002624923573162693		0.014118019748747280
53.109109109109105873		0.006971593109124344		0.002600461124369500		0.014003842255878470
53.207207207207204647		0.006916429916614969		0.002579575246411194		0.013914490450008556
53.305305305305303420		0.006862083307079856		0.002553748467757406		0.013814739814118288
53.403403403403402194		0.006808537177355450		0.002533854024441389		0.013740007064816531
53.501501501501500968		0.006755767671600052		0.002509991418616247		0.013622188602031579
53.599599599599599742		0.006703767281188360		0.002486387845629023		0.013542181436186395
53.697697697697698516		0.006652511699750481		0.002459423034441118		0.013455108443334597
53.795795795795790184		0.006601987503096721		0.002439764655059945		0.013369263898361419
53.893893893893888958		0.006552182195248206		0.002421475118069900		0.013281733091774288
53.991991991991987732		0.006503070722539028		0.002397261076297560		0.013175951953579327
54.090090090090086505		0.006454640980352184		0.002378467363023118		0.013090042980527770
54.188188188188185279		0.006406876901975741		0.002359901274343261		0.013008292217092285
54.286286286286284053		0.006359763575850920		0.002339457715039951		0.012913400560121640
54.384384384384382827		0.006313284066296006		0.002317266527747709		0.012845009895646367
54.482482482482481601		0.006267431064856236		0.002299553254504332		0.012756001154697525
54.580580580580580374		0.006222189143767558		0.002274617958342166		0.012666285184517135
54.678678678678679148		0.006177545580166098		0.002252611309750754		0.012575102582264621
54.776776776776777922		0.006133488070435424		0.002226660005232975		0.012503452133328383
54.874874874874869590		0.006090001996741346		0.002207786305161028		0.012437075131908969
54.972972972972968364		0.006047074032888386		0.002192614567359862		0.012356382000754755
55.071071071071067138		0.006004693860124585		0.002177381390997716		0.012277375277895115
55.169169169169165912		0.005962849047780026		0.002160568185968319		0.012205578928614055
55.267267267267264685		0.005921529004746644		0.002142141208564165		0.012134371852669039
55.365365365365363459		0.005880718642342576		0.002122625399412570		0.012063837209981030
55.463463463463462233		0.005840416543578715		0.002104079024824588		0.011994022744288336
55.561561561561561007		0.005800610671135679		0.002088691126799162		0.011919526533427954
55.659659659659659781		0.005761286795397302		0.002072274626951972		0.011830459927788644
55.757757757757758554		0.005722437679501884		0.002054774926545633		0.011762361856502392
55.855855855855850223		0.005684051703864344		0.002038316711893224		0.011655014089592504
55.953953953953948997		0.005646120054368497		0.002023718396767292		0.011581071661853383
56.052052052052047770		0.005608633550274026		0.002008981183905708		0.011502013157958506
56.150150150150146544		0.005571583675965789		0.001995406647695169		0.011425737045572286
56.248248248248245318		0.005534962253356247		0.001976105667407267		0.011339484687758774
56.346346346346344092		0.005498756346880624		0.001960004604152137		0.011276328106927507
56.444444444444442865		0.005462967416517070		0.001942339402685748		0.011204520750419176
56.542542542542541639		0.005427585434884451		0.001927245238697666		0.011138205424407398
56.640640640640640413		0.005392597317686812		0.001913853546415302		0.011055346875159836
56.738738738738739187		0.005357998182969679		0.001901654699492140		0.010987162188482143
56.836836836836837961		0.005323780821111493		0.001887608852546378		0.010924154375182805
56.934934934934929629		0.005289936832979352		0.001870624151294267		0.010853575307122214
57.033033033033028403		0.005256459889175458		0.001854517439328143		0.010799037498414361
57.131131131131127177		0.005223343480127491		0.001839332781506551		0.010741785659281486
57.229229229229225950		0.005190580990321287		0.001825827491808972		0.010680122113763712
57.327327327327324724		0.005158165910689857		0.001810724318369340		0.010619050915152552
57.425425425425423498		0.005126091285897648		0.001796396856479455		0.010559915126311464
57.523523523523522272		0.005094353460581323		0.001783441853940548		0.010506096616915659
57.621621621621621046		0.005062944480635863		0.001771601501695671		0.010452892878156320
57.719719719719719819		0.005031859004343815		0.001754805791557090		0.010394014478096299
57.817817817817818593		0.005001090581726770		0.001741522559557901		0.010339876957477302
57.915915915915910261		0.004970634410564902		0.001729573218028508		0.010277600466343986
58.014014014014009035		0.004940484527474287		0.001716694153377267		0.010227691016562537
58.112112112112107809		0.004910635935268366		0.001704259085897501		0.010172731018932207
58.210210210210206583		0.004881083554518766		0.001692144781811375		0.010117863543286672
58.308308308308305357		0.004851822472794230		0.001680389659789245		0.010065451332477576
58.406406406406404130		0.004822849807184178		0.001667132315017495		0.010013939761537406
58.504504504504502904		0.004794153465333697		0.001653376709035224		0.009954660301459022
58.602602602602601678		0.004765736520448559		0.001641819803958968		0.009906825673593661
58.700700700700700452		0.004737592986807094		0.001631297016026515		0.009847434081156198
58.798798798798799226		0.004709715432776917		0.001620887240460130		0.009793569157728567
58.896896896896890894		0.004682101446141680		0.001606708172311707		0.009737298910005568
58.994994994994989668		0.004654747137440079		0.001595950880784596		0.009687862455634140
59.093093093093088441		0.004627647733834371		0.001584645834067084		0.009637942732965782
59.191191191191187215		0.004600799400876723		0.001572056962054646		0.009576836838142738
59.289289289289285989		0.004574198176239342		0.001560711964009602		0.009530719904345874
59.387387387387384763		0.004547842445397542		0.001546714558607438		0.009481633867655987
59.485485485485483537		0.004521724485144759		0.001534615584925143		0.009432372843185165
59.583583583583582310		0.004495836635927363		0.001525030994333842		0.009383299281813293
59.681681681681681084		0.004470185863355338		0.001515549084990079		0.009335013359098284
59.779779779779779858		0.004444762204041981		0.001505013823109090		0.009285902805302540
59.877877877877878632		0.004419563727187972		0.001492810644631580		0.009236941422189334
59.975975975975970300		0.004394586265220722		0.001480572874272939		0.009188969010378929
60.074074074074069074		0.004369827828296847		0.001470478943829107		0.009144488599076340
60.172172172172167848		0.004345284786618032		0.001460639317813551		0.009092405130894567
60.270270270270266622		0.004320953931940389		0.001451831843996187		0.009035817468519548
60.368368368368365395		0.004296832177239046		0.001442308021203743		0.008991916001660926
60.466466466466464169		0.004272919135487127		0.001431467054867228		0.008948298594876874
60.564564564564562943		0.004249205990892075		0.001421188978875559		0.008898198949194384
60.662662662662661717		0.004225692343583626		0.001412187457710278		0.008857261704931174
60.760760760760760490		0.004202373985749201		0.001398662821024382		0.008811571712542527
60.858858858858859264		0.004179251731656308		0.001388444763655763		0.008768440802187116
60.956956956956950933		0.004156321240291469		0.001379039513017872		0.008727284159323454
61.055055055055049706		0.004133580153392630		0.001367804091941956		0.008686337969585992
61.153153153153148480		0.004111025063287164		0.001357019053152288		0.008645522335820301
61.251251251251247254		0.004088654532030308		0.001348486349569079		0.008603562308265951
61.349349349349346028		0.004066466068723655		0.001335763779438147		0.008564407168203506
61.447447447447444802		0.004044457032586827		0.001325653533379614		0.008525156131486907
61.545545545545543575		0.004022627259388057		0.001315913324304454		0.008484808233874958
61.643643643643642349		0.004000968502205363		0.001304785825317592		0.008446279585682807
61.741741741741741123		0.003979482677268516		0.001296048871859079		0.008407164495699544
61.839839839839839897		0.003958165828045489		0.001287540083149945		0.008368261518951094
61.937937937937938671		0.003937014062053656		0.001278262044223537		0.008329647137656982
62.036036036036030339		0.003916030491621513		0.001270418328325706		0.008291278195068471
62.134134134134129113		0.003895210210126082		0.001262678231751413		0.008252089974269756
62.232232232232227886		0.003874551627543770		0.001253536570781017		0.008212127673000251
62.330330330330326660		0.003854052071097185		0.001242329175542554		0.008173675232065603
62.428428428428425434		0.003833709985162292		0.001233787155070672		0.008135327995237602
62.526526526526524208		0.003813523744406409		0.001226595047338042		0.008097201149666486
62.624624624624622982		0.003793493108933533		0.001218807188794827		0.008059468370773435
62.722722722722721755		0.003773612060708972		0.001208581863750303		0.008020703984937648
62.820820820820820529		0.003753881109719799		0.001201023496871198		0.007981328721460798
62.918918918918919303		0.003734297885228651		0.001193886112894235		0.007941066157518342
63.017017017017010971		0.003714861040098221		0.001186217369039594		0.007904708201779206
63.115115115115109745		0.003695567979956723		0.001175759542317219		0.007868563159683416
63.213213213213208519		0.003676416022559646		0.001168277323840389		0.007828621830003485
63.311311311311307293		0.003657407848216058		0.001160105590942603		0.007788944620971872
63.409409409409406067		0.003638539154378226		0.001151741602252023		0.007751104725553148
63.507507507507504840		0.003619808582104452		0.001142489892375470		0.007713506449690874
63.605605605605603614		0.003601214208212120		0.001135374588344570		0.007678174613864342
63.703703703703702388		0.003582754364815556		0.001127771148213520		0.007643515661426663
63.801801801801801162		0.003564428731236897		0.001120717402929308		0.007609064694995689
63.899899899899899935		0.003546234736229675		0.001113630394811373		0.007574819977121377
63.997997997997998709		0.003528171278192020		0.001106224696119090		0.007538756455673995
64.096096096096090378		0.003510236541443283		0.001099017410460864		0.007502293812056071
64.194194194194182046		0.003492429316277286		0.001092163848939700		0.007466062570030839
64.292292292292287925		0.003474748409086901		0.001084195871342964		0.007430060900524597
64.390390390390393804		0.003457191943480106		0.001077998433433122		0.007394286990752640
64.488488488488485473		0.003439756879026877		0.001071881815130410		0.007363177056347512
64.586586586586577141		0.003422446618541995		0.001064474564743410		0.007332707805578108
64.684684684684683020		0.003405257500285830		0.001058193065454878		0.007302403086801561
64.782782782782788900		0.003388187628531897		0.001050847080765254		0.007272261692411562
64.880880880880880568		0.003371236322925525		0.001044874520919454		0.007242282429298546
64.978978978978972236		0.003354401783081476		0.001038188746100037		0.007212464118484124
65.077077077077063905		0.003337683301457687		0.001031531750295452		0.007180381710899242
65.175175175175169784		0.003321080053748236		0.001024118470100162		0.007146398174381630
65.273273273273275663		0.003304590405819197		0.001018037419164206		0.007112625524895591
65.371371371371367331		0.003288213289196704		0.001011964831264731		0.007079011588477512
65.469469469469459000		0.003271947392927473		0.001005555926094006		0.007045582425899925
65.567567567567564879		0.003255792021078959		0.000999354571565589		0.007012360598934305
65.665665665665670758		0.003239745227187865		0.000992830181632213		0.006984193015329122
65.763763763763762427		0.003223807245146153		0.000986287660340976		0.006955931320701846
65.861861861861854095		0.003207973639772601		0.000980320392412962		0.006921992797853386
65.959959959959959974		0.003192248800092514		0.000974040681372886		0.006893468813873036
66.058058058058051643		0.003176629003913385		0.000968032938656243		0.006860806617601553
66.156156156156157522		0.003161112799989332		0.000962093397784896		0.006830265775326696
66.254254254254249190		0.003145699674078381		0.000956454806395864		0.006800290003797430
66.352352352352355069		0.003130388229274544		0.000950428934069053		0.006769619384359270
66.450450450450446738		0.003115177864046131		0.000945364456367789		0.006739135348158174
66.548548548548552617		0.003100068076613698		0.000938976668231812		0.006710978848526305
66.646646646646644285		0.003085057530591900		0.000933636885509092		0.006683789747286263
66.744744744744735954		0.003070145268416194		0.000928494296628266		0.006656750363936505
66.842842842842841833		0.003055330213456666		0.000923023981623383		0.006628560568902976
66.940940940940933501		0.003040611854479610		0.000917791275255697		0.006600364232015513
67.039039039039039380		0.003025988573812294		0.000912418233999726		0.006572322163472983
67.137137137137131049		0.003011460606638636		0.000906931219759296		0.006543260547266653
67.235235235235236928		0.002997024496918521		0.000900838057866603		0.006514272035291684
67.333333333333328596		0.002982682809761860		0.000894821532349671		0.006485685749626741
67.431431431431434476		0.002968434021391077		0.000889517365343762		0.006457265862413359
67.529529529529526144		0.002954276496485774		0.000884426314129700		0.006429011166431995
67.627627627627617812		0.002940209180778220		0.000879413580510574		0.006400920464966712
67.725725725725723692		0.002926231664021380		0.000874563383186214		0.006372968858236377
67.823823823823815360		0.002912342775758668		0.000869746896094853		0.006345165500744487
67.921921921921921239		0.002898542235110038		0.000864963836426266		0.006319121993725141
68.020020020020012907		0.002884829549325898		0.000860180589570306		0.006294233737315149
68.118118118118118787		0.002871203601666621		0.000855427081135234		0.006269477424208477
68.216216216216210455		0.002857663570058234		0.000850706587390311		0.006244044742762682
68.314314314314316334		0.002844208661284184		0.000846018831831009		0.006216974743941570
68.412412412412408003		0.002830838472495120		0.000841125809832556		0.006190093534105061
68.510510510510513882		0.002817551447132752		0.000836243088953536		0.006163398215458929
68.608608608608605550		0.002804348165558664		0.000831395492637905		0.006138375908911518
68.706706706706697219		0.002791225376250836		0.000826122991528388		0.006112360376836971
68.804804804804803098		0.002778185318558608		0.000821608397836473		0.006086491831070953
68.902902902902894766		0.002765227018389075		0.000817128438144799		0.006060769241730491
69.001001001001000645		0.002752348978734036		0.000812680314380209		0.006035191591315233
69.099099099099092314		0.002739550378188447		0.000808287550778431		0.006009732660894031
69.197197197197198193		0.002726830616622753		0.000803927038427792		0.005984249307062289
69.295295295295289861		0.002714189024660983		0.000799591202587554		0.005958904609935981
69.393393393393395741		0.002701624956524700		0.000795152696805269		0.005933702750758207
69.491491491491487409		0.002689138312987461		0.000790291082277002		0.005908642725674407
69.589589589589593288		0.002676728390425528		0.000785455070485091		0.005883723539413650
69.687687687687684956		0.002664394312782763		0.000781128797624442		0.005857473806788729
69.785785785785776625		0.002652135337934874		0.000776870343109768		0.005832588866431788
69.883883883883882504		0.002639951206003989		0.000772931740182300		0.005809384196227445
69.981981981981974172		0.002627840690315628		0.000768526224656619		0.005785806533957082
70.080080080080080052		0.002615804047226474		0.000764151898218187		0.005761726738761213
70.178178178178171720		0.002603840231197647		0.000759808497040889		0.005737760033756176
70.276276276276277599		0.002591946552190032		0.000755618301088298		0.005713913914087805
70.374374374374369268		0.002580126725426689		0.000751460735073421		0.005690232249123892
70.472472472472475147		0.002568378079762047		0.000747331728472960		0.005666681395356701
70.570570570570566815		0.002556699978158257		0.000743094888847027		0.005643260451466577
70.668668668668672694		0.002545091758880839		0.000739100939004205		0.005619968523651053
70.766766766766764363		0.002533552876912481		0.000734928496066562		0.005596804725567283
70.864864864864856031		0.002522082873858663		0.000730727071717699		0.005573768178265185
70.962962962962961910		0.002510680963052102		0.000726471779420668		0.005550858010113860
71.061061061061053579		0.002499347149855878		0.000722283699832174		0.005528073356724440
71.159159159159159458		0.002488081075618834		0.000718212284034490		0.005505411277641384
71.257257257257251126		0.002476881892883423		0.000714177149709256		0.005482822694171452
71.355355355355357005		0.002465748962813421		0.000710156194174285		0.005460534123048737
71.453453453453448674		0.002454682085212280		0.000706206922938820		0.005438493419225681
71.551551551551554553		0.002443680209404260		0.000702259180432006		0.005416509961424291
71.649649649649646221		0.002432743524405905		0.000698304387582840		0.005394625711058268
71.747747747747737890		0.002421871254425965		0.000694330561066403		0.005372859228874158
71.845845845845843769		0.002411061927412490		0.000690386198783783		0.005351209722837566
71.943943943943935437		0.002400315769755617		0.000686514077207387		0.005329676407326023
72.042042042042041317		0.002389633703500989		0.000682701653003914		0.005308258503069374
72.140140140140132985		0.002379014017276206		0.000678839357817314		0.005286577181984325
72.238238238238238864		0.002368456278712385		0.000674988251476334		0.005265500558962786
72.336336336336330533		0.002357959896785482		0.000671164182235009		0.005244908783409214
72.434434434434436412		0.002347524515607253		0.000667405732494693		0.005223032086026503
72.532532532532528080		0.002337149667157095		0.000663677574023691		0.005202425290285044
72.630630630630633959		0.002326834681757728		0.000659841987802902		0.005181988412599056
72.728728728728725628		0.002316579559498900		0.000656122185780332		0.005162070239393566
72.826826826826817296		0.002306384090020262		0.000652533560335808		0.005141672603756256
72.924924924924923175		0.002296247473817892		0.000649030098062813		0.005121294597312073
73.023023023023014844		0.002286169252933049		0.000645577136381854		0.005101007299162051
73.121121121121120723		0.002276149250871091		0.000642127480102664		0.005080952561451528
73.219219219219212391		0.002266186393077884		0.000638700440469577		0.005060628968143269
73.317317317317318270		0.002256281213966072		0.000635295840037924		0.005039803455757138
73.415415415415409939		0.002246305280858779		0.000631276729772305		0.005019993678341871
73.513513513513515818		0.002236513495305704		0.000627684441758099		0.005000289326235877
73.611611611611607486		0.002226776335739369		0.000624200204083428		0.004980689557096202
73.709709709709713366		0.002216519215766773		0.000620282201646422		0.004961193542738861
73.807807807807805034		0.002206896985167464		0.000616835593154634		0.004942547149621832
73.905905905905896702		0.002197262165484059		0.000612870808138369		0.004922897093149286
74.004004004004002581		0.002187749230076154		0.000609544044288537		0.004903319949617881
74.102102102102094250		0.002177663466070154		0.000604362670778954		0.004884230940409673
74.200200200200200129		0.002167675017577362		0.000600368396959293		0.004865202174434320
74.298298298298291797		0.002157314126227391		0.000594756853056885		0.004845028023497727
74.396396396396397677		0.002146921783428791		0.000588763375919572		0.004824483538919314
74.494494494494489345		0.002136809006716745		0.000584697693282396		0.004804532015470022
74.592592592592595224		0.002127632159869538		0.000581268971003577		0.004785182673626249
74.690690690690686893		0.002118118916546985		0.000577721142615613		0.004765936351360816
74.788788788788778561		0.002108529299612999		0.000573109400774425		0.004746792362847952
74.886886886886884440		0.002099087978419063		0.000569040155803481		0.004727750027920083
74.984984984984976109		0.002089750848692679		0.000565463099976609		0.004708808672005481
75.083083083083081988		0.002080152587699768		0.000561880992719058		0.004690241949549567
75.181181181181173656		0.002071290078403771		0.000558809862812308		0.004672001760596622
75.279279279279279535		0.002061969245568179		0.000554573669920256		0.004653844920518293
75.377377377377371204		0.002052679028342168		0.000551114370083276		0.004633939271202244
75.475475475475477083		0.002042887085551170		0.000546143718787733		0.004616091295852851
75.573573573573568751		0.002034100271697445		0.000542805306062750		0.004598334826870494
75.671671671671674630		0.002021321572202817		0.000533876577789761		0.004566375463120474
75.769769769769766299		0.002009250614220356		0.000522789697968109		0.004547727601451726
75.867867867867857967		0.001996739745653949		0.000510266692076087		0.004528279175199103
75.965965965965963846		0.001984422016940934		0.000497370976867015		0.004509521093063843
76.064064064064055515		0.001974266929914496		0.000490823129991719		0.004490776278335278
76.162162162162161394		0.001963300595427294		0.000479098136469738		0.004468182754056037
76.260260260260253062		0.001952095781195753		0.000468578488909605		0.004450751548256779
76.358358358358358942		0.001939919844157711		0.000455243989841440		0.004433410428237834
76.456456456456450610		0.001929972024068007		0.000445384949233276		0.004416158814686553
76.554554554554556489		0.001919479796054970		0.000432867261818566		0.004398079342518873
76.652652652652648158		0.001906422851458079		0.000414682936463374		0.004375116068545857
76.750750750750754037		0.001894160495499870		0.000401202354185025		0.004353675329308458
76.848848848848845705		0.001882492591411649		0.000381978066720744		0.004337354767525675
76.946946946946937373		0.001871811522343798		0.000369728235375317		0.004318207514397521
77.045045045045043253		0.001858982172147284		0.000353678639115565		0.004294223118452760
77.143143143143134921		0.001845408416669327		0.000328448016919910		0.004272484934353653
77.241241241241240800		0.001832456821894819		0.000287681629959795		0.004253033406629014
77.339339339339332469		0.001817937992583033		0.000229775430312110		0.004236788815817600
77.437437437437438348		0.001805460165269245		0.000189670899511025		0.004220134440983802
77.535535535535530016		0.001790639398553783		0.000000094595100990		0.004199338823880190
77.633633633633635895		0.001773168141910128		0.000000000000121896		0.004181296509641767
77.731731731731727564		0.001760308573478246		0.000000000000000330		0.004165404489365471
77.829829829829833443		0.001742245946409715		0.000000000000000000		0.004136144468582414
77.927927927927925111		0.001725945997718167		0.000000000000000000		0.004116250372222231
78.026026026026016780		0.001710006913231750		0.000000000000000000		0.004087132124053865
78.124124124124122659		0.001696488477011740		0.000000000000000000		0.004071340352399628
78.222222222222214327		0.001678186500005901		0.000000000000000000		0.004047582562578320
78.320320320320320207		0.001662822647222078		0.000000000000000000		0.004017384007044033
78.418418418418411875		0.001641963747693900		0.000000000000000000		0.003986289620375315
78.516516516516517754		0.001626977766946857		0.000000000000000000		0.003967872892414983
78.614614614614609422		0.001612005668252782		0.000000000000000000		0.003951585515356899
78.712712712712715302		0.001598266610510117		0.000000000000000000		0.003931500883111534
78.810810810810806970		0.001585570418611140		0.000000000000000000		0.003915189423651563
78.908908908908898638		0.001570190497963906		0.000000000000000000		0.003890634409259915
79.007007007007004518		0.001556777682178530		0.000000000000000000		0.003869205590338963
79.105105105105096186		0.001543214472286821		0.000000000000000000		0.003851746262884272
79.203203203203202065		0.001524552477967765		0.000000000000000000		0.003819931964040497
79.301301301301293734		0.001509135856631503		0.000000000000000000		0.003797157010899956
79.399399399399399613		0.001488957902037158		0.000000000000000000		0.003754182347721602
79.497497497497491281		0.001473916136852397		0.000000000000000000		0.003725866921607352
79.595595595595597160		0.001462966155080002		0.000000000000000000		0.003710619178234419
79.693693693693688829		0.001445988494665056		0.000000000000000000		0.003684217260085336
79.791791791791794708		0.001431809272709984		0.000000000000000000		0.003656477140106570
79.889889889889886376		0.001415696835146023		0.000000000000000000		0.003635525027212483
79.987987987987978045		0.001401278807364568		0.000000000000000000		0.003619986652777207
80.086086086086083924		0.001387955855584702		0.000000000000000000		0.003606606870428955
80.184184184184175592		0.001372787230613620		0.000000000000000000		0.003584985318415980
80.282282282282281471		0.001360028355171206		0.000000000000000000		0.003560122881564464
80.380380380380373140		0.001348332553478978		0.000000000000000000		0.003542475115411035
80.478478478478479019		0.001338251745591758		0.000000000000000000		0.003528085435019002
80.576576576576570687		0.001325555083255665		0.000000000000000000		0.003512757674798736
80.674674674674676567		0.001308285866638870		0.000000000000000000		0.003490635257424656
80.772772772772768235		0.001294613510406680		0.000000000000000000		0.003474972989117166
80.870870870870874114		0.001283625289853481		0.000000000000000000		0.003462232076881810
80.968968968968965783		0.001269547773112527		0.000000000000000000		0.003440739102834128
81.067067067067057451		0.001254428440146730		0.000000000000000000		0.003417244527442842
81.165165165165163330		0.001241942458252890		0.000000000000000000		0.003404905880990511
81.263263263263254998		0.001229527491403493		0.000000000000000000		0.003383201293891891
81.361361361361360878		0.001216885763524429		0.000000000000000000		0.003361879615591509
81.459459459459452546		0.001201529937381814		0.000000000000000000		0.003337374426649846
81.557557557557558425		0.001189313040281202		0.000000000000000000		0.003306708675516123
81.655655655655650094		0.001172219566066086		0.000000000000000000		0.003277091505942990
81.753753753753755973		0.001157249758565174		0.000000000000000000		0.003239454629281714
81.851851851851847641		0.001144194691988049		0.000000000000000000		0.003219693798039568
81.949949949949953520		0.001131800427294275		0.000000000000000000		0.003196558627057784
82.048048048048045189		0.001119893086810728		0.000000000000000000		0.003184369654013720
82.146146146146136857		0.001103208485822049		0.000000000000000000		0.003157835268556346
82.244244244244242736		0.001093353360219553		0.000000000000000000		0.003144180113629180
82.342342342342334405		0.001079827312777805		0.000000000000000000		0.003130447020764740
82.440440440440440284		0.001064966914281090		0.000000000000000000		0.003115893522703010
82.538538538538531952		0.001053536356725151		0.000000000000000000		0.003091117410310708
82.636636636636637832		0.001041168315894703		0.000000000000000000		0.003076010004609626
82.734734734734729500		0.001028785085755636		0.000000000000000000		0.003061676008790030
82.832832832832835379		0.001018596563609078		0.000000000000000000		0.003042192351352151
82.930930930930927047		0.001005387881820744		0.000000000000000000		0.003012660435597721
83.029029029029018716		0.000994207514695546		0.000000000000000000		0.002989790584474527
83.127127127127124595		0.000981303795819353		0.000000000000000000		0.002977077687537609
83.225225225225216263		0.000972168285810240		0.000000000000000000		0.002963597669586818
83.323323323323322143		0.000959960735237346		0.000000000000000000		0.002935770329583971
83.421421421421413811		0.000948536084436665		0.000000000000000000		0.002921835595937539
83.519519519519519690		0.000935917031355281		0.000000000000000000		0.002904552119865724
83.617617617617611359		0.000925407002212145		0.000000000000000000		0.002891109234293156
83.715715715715717238		0.000915229351751236		0.000000000000000000		0.002880588035615799
83.813813813813808906		0.000907389539037084		0.000000000000000000		0.002870075488380544
83.911911911911914785		0.000894790195916850		0.000000000000000000		0.002840023605734016
84.010010010010006454		0.000883519275861042		0.000000000000000000		0.002803996881620248
84.108108108108098122		0.000875024180821331		0.000000000000000000		0.002778221537903304
84.206206206206204001		0.000862180168711713		0.000000000000000000		0.002749534243064430
84.304304304304295670		0.000849809190471497		0.000000000000000000		0.002726285073112282
84.402402402402401549		0.000839801512283362		0.000000000000000000		0.002707360549671920
84.500500500500493217		0.000829798702975465		0.000000000000000000		0.002693214344526814
84.598598598598599096		0.000820814495529786		0.000000000000000000		0.002671154282171803
84.696696696696690765		0.000810167351599438		0.000000000000000000		0.002655682107180443
84.794794794794796644		0.000798064325595180		0.000000000000000000		0.002627568596566690
84.892892892892888312		0.000782534611370771		0.000000000000000000		0.002598699992023753
84.990990990990994192		0.000770342882292674		0.000000000000000000		0.002573768750195882
85.089089089089085860		0.000760299255822231		0.000000000000000000		0.002549586791509100
85.187187187187177528		0.000752684659443692		0.000000000000000000		0.002540760362649932
85.285285285285283408		0.000739284139388385		0.000000000000000000		0.002519910171170267
85.383383383383375076		0.000729498212692001		0.000000000000000000		0.002492444087747675
85.481481481481480955		0.000717504204893016		0.000000000000000000		0.002461744406352966
85.579579579579572624		0.000709536501498481		0.000000000000000000		0.002451454759377998
85.677677677677678503		0.000702110741004883		0.000000000000000000		0.002439177649105769
85.775775775775770171		0.000692532363437572		0.000000000000000000		0.002414948005815925
85.873873873873876050		0.000686126916928577		0.000000000000000000		0.002405969837162875
85.971971971971967719		0.000679763833115540		0.000000000000000000		0.002397077202086943
86.070070070070059387		0.000671160590076521		0.000000000000000000		0.002375965510227455
86.168168168168165266		0.000662004369581660		0.000000000000000000		0.002358072701780071
86.266266266266256935		0.000653439716202750		0.000000000000000000		0.002345340830668041
86.364364364364362814		0.000646048587136692		0.000000000000000000		0.002334657111127184
86.462462462462454482		0.000636484056713761		0.000000000000000000		0.002322100689462087
86.560560560560560361		0.000630848104683731		0.000000000000000000		0.002310381691975899
86.658658658658652030		0.000622460084088492		0.000000000000000000		0.002293207280936289
86.756756756756757909		0.000615393838990206		0.000000000000000000		0.002283886092895315
86.854854854854849577		0.000606977040976738		0.000000000000000000		0.002271720414479983
86.952952952952955457		0.000598200479309053		0.000000000000000000		0.002244710271325840
87.051051051051047125		0.000589526728802494		0.000000000000000000		0.002223927583336995
87.149149149149138793		0.000580830969618803		0.000000000000000000		0.002198493636976317
87.247247247247244673		0.000573626743778223		0.000000000000000000		0.002190418220107878
87.345345345345336341		0.000565268333047408		0.000000000000000000		0.002174859894732540
87.443443443443442220		0.000558712720125999		0.000000000000000000		0.002163782894482674
87.541541541541533888		0.000550434707837800		0.000000000000000000		0.002146839933202720
87.639639639639639768		0.000540800174693986		0.000000000000000000		0.002119420744029394
87.737737737737731436		0.000533601522209707		0.000000000000000000		0.002098743781427684
87.835835835835837315		0.000526801917492658		0.000000000000000000		0.002086607910054594
87.933933933933928984		0.000520124565073253		0.000000000000000000		0.002062990002347543
88.032032032032034863		0.000510473219315731		0.000000000000000000		0.002044299839186298
88.130130130130126531		0.000501683437269463		0.000000000000000000		0.002023777063067911
88.228228228228218200		0.000494551322449768		0.000000000000000000		0.002012760145498880
88.326326326326324079		0.000486778249258539		0.000000000000000000		0.002000468848488473
88.424424424424415747		0.000480835006738039		0.000000000000000000		0.001987538314918164
88.522522522522521626		0.000475948869954075		0.000000000000000000		0.001977700994395299
88.620620620620613295		0.000469534916796685		0.000000000000000000		0.001958794282378998
88.718718718718719174		0.000460487756365746		0.000000000000000000		0.001931177590095058
88.816816816816810842		0.000453391535235252		0.000000000000000000		0.001920022042374274
88.914914914914916722		0.000447350753577032		0.000000000000000000		0.001907964301299746
89.013013013013008390		0.000439024339350091		0.000000000000000000		0.001893363097486743
89.111111111111114269		0.000432081620194950		0.000000000000000000		0.001880548075598377
89.209209209209205937		0.000423245818887962		0.000000000000000000		0.001867569520951621
89.307307307307297606		0.000417091973468350		0.000000000000000000		0.001842713979835197
89.405405405405403485		0.000409284493389380		0.000000000000000000		0.001813682456302006
89.503503503503495153		0.000402534807432442		0.000000000000000000		0.001802494442995931
89.601601601601601033		0.000394496176267346		0.000000000000000000		0.001786144158643570
89.699699699699692701		0.000388518927419494		0.000000000000000000		0.001767826137249998
89.797797797797798580		0.000381610968521389		0.000000000000000000		0.001752344446320740
89.895895895895890249		0.000373737931456138		0.000000000000000000		0.001731850962981982
89.993993993993996128		0.000368728542604112		0.000000000000000000		0.001725315862547157
90.092092092092087796		0.000362806962774159		0.000000000000000000		0.001714398198365729
90.190190190190179464		0.000358506063510466		0.000000000000000000		0.001700480930098157
90.288288288288285344		0.000349035781473712		0.000000000000000000		0.001676195724952344
90.386386386386377012		0.000343109770919865		0.000000000000000000		0.001662013951286628
90.484484484484482891		0.000338571899969572		0.000000000000000000		0.001651539042586908
90.582582582582574560		0.000332091576986748		0.000000000000000000		0.001625878487596102
90.680680680680680439		0.000325511682755968		0.000000000000000000		0.001600228937857734
90.778778778778772107		0.000321133144962062		0.000000000000000000		0.001591841939613798
90.876876876876877986		0.000315564514955643		0.000000000000000000		0.001575959254300240
90.974974974974969655		0.000308126772408628		0.000000000000000000		0.001560428228979975
91.073073073073075534		0.000302935958493843		0.000000000000000000		0.001547501361863081
91.171171171171167202		0.000298959904169847		0.000000000000000000		0.001534232806077926
91.269269269269258871		0.000294181731659383		0.000000000000000000		0.001516790154358133
91.367367367367364750		0.000287519553610183		0.000000000000000000		0.001493939605040311
91.465465465465456418		0.000284358405891257		0.000000000000000000		0.001482173514457160
91.563563563563562298		0.000280713300821987		0.000000000000000000		0.001472163131677118
91.661661661661653966		0.000276256846922313		0.000000000000000000		0.001461678915225147
91.759759759759759845		0.000271366273347852		0.000000000000000000		0.001445932067088996
91.857857857857851513		0.000265052250810203		0.000000000000000000		0.001424221510883305
91.955955955955957393		0.000260228820455042		0.000000000000000000		0.001406738361057041
92.054054054054049061		0.000255958086016709		0.000000000000000000		0.001388143208458460
92.152152152152154940		0.000247600625574679		0.000000000000000000		0.001366050520782433
92.250250250250246609		0.000240040662919034		0.000000000000000000		0.001343961271000542
92.348348348348338277		0.000236734479822963		0.000000000000000000		0.001335805756761195
92.446446446446444156		0.000231442951533914		0.000000000000000000		0.001319438662606810
92.544544544544535825		0.000227507394398897		0.000000000000000000		0.001307288146402390
92.642642642642641704		0.000224109787323067		0.000000000000000000		0.001302033830052128
92.740740740740733372		0.000217205050769188		0.000000000000000000		0.001284893000226468
92.838838838838839251		0.000212499494767690		0.000000000000000000		0.001263120169432398
92.936936936936930920		0.000208226205499982		0.000000000000000000		0.001246877125139418
93.035035035035036799		0.000204652623682984		0.000000000000000000		0.001237896514926910
93.133133133133128467		0.000197825071280619		0.000000000000000000		0.001216730374614635
93.231231231231220136		0.000195154108132701		0.000000000000000000		0.001209988119374081
93.329329329329326015		0.000190256076980004		0.000000000000000000		0.001194627469142581
93.427427427427417683		0.000186163132204740		0.000000000000000000		0.001181399330479897
93.525525525525523562		0.000181606343109024		0.000000000000000000		0.001162348553326066
93.623623623623615231		0.000178601394072730		0.000000000000000000		0.001151061186062944
93.721721721721721110		0.000174755189116149		0.000000000000000000		0.001132940384461720
93.819819819819812778		0.000170407999563224		0.000000000000000000		0.001118398261065908
93.917917917917918658		0.000166452041054181		0.000000000000000000		0.001105599616987837
94.016016016016010326		0.000163755574673031		0.000000000000000000		0.001093867019605590
94.114114114114116205		0.000161152424895796		0.000000000000000000		0.001086623015531104
94.212212212212207874		0.000156713124785895		0.000000000000000000		0.001062395228101456
94.310310310310299542		0.000155001823151108		0.000000000000000000		0.001057348279789613
94.408408408408405421		0.000152290980854859		0.000000000000000000		0.001042766179999772
94.506506506506497090		0.000147634505973636		0.000000000000000000		0.001016689679142434
94.604604604604602969		0.000146163409608636		0.000000000000000000		0.001012696840050711
94.702702702702694637		0.000143034534617350		0.000000000000000000		0.000999960569661852
94.800800800800800516		0.000138736193696951		0.000000000000000000		0.000983009336670442
94.898898898898892185		0.000134344160569721		0.000000000000000000		0.000966029255454762
94.996996996996998064		0.000130447023083287		0.000000000000000000		0.000951873292372923
95.095095095095089732		0.000128546618030483		0.000000000000000000		0.000936890259186851
95.193193193193195611		0.000124824078799110		0.000000000000000000		0.000919989849186753
95.291291291291287280		0.000121378435409255		0.000000000000000000		0.000909895728988977
95.389389389389378948		0.000117015043412837		0.000000000000000000		0.000893768040019579
95.487487487487484827		0.000114821432971684		0.000000000000000000		0.000883819791633912
95.585585585585576496		0.000112088762539636		0.000000000000000000		0.000873579627854978
95.683683683683682375		0.000108437111887812		0.000000000000000000		0.000859962831382890
95.781781781781774043		0.000105334481917380		0.000000000000000000		0.000851281375731872
95.879879879879879923		0.000102530471412519		0.000000000000000000		0.000835883662347972
95.977977977977971591		0.000100492349987850		0.000000000000000000		0.000826590456540481
96.076076076076077470		0.000096807659618215		0.000000000000000000		0.000798896313316866
96.174174174174169138		0.000094292877420035		0.000000000000000000		0.000787906549179387
96.272272272272275018		0.000091653250277207		0.000000000000000000		0.000769480830520657
96.370370370370366686		0.000089350371420542		0.000000000000000000		0.000759553064152991
96.468468468468458354		0.000085411697860935		0.000000000000000000		0.000732044437284936
96.566566566566564234		0.000082310450204576		0.000000000000000000		0.000704354362737999
96.664664664664655902		0.000079425449129486		0.000000000000000000		0.000677315347497859
96.762762762762761781		0.000075555614904734		0.000000000000000000		0.000639586618399007
96.860860860860853450		0.000073004256021445		0.000000000000000000		0.000621900703697232
96.958958958958959329		0.000069912122863211		0.000000000000000000		0.000586438919222083
97.057057057057050997		0.000066864795767601		0.000000000000000000		0.000556972857824328
97.155155155155156876		0.000065129756972308		0.000000000000000000		0.000532214154168673
97.253253253253248545		0.000062755472838608		0.000000000000000000		0.000508789043822940
97.351351351351340213		0.000059699464899022		0.000000000000000000		0.000480056987342037
97.449449449449446092		0.000056994688599329		0.000000000000000000		0.000458858519272994
97.547547547547537761		0.000054971939757180		0.000000000000000000		0.000441920711728228
97.645645645645643640		0.000050858819650911		0.000000000000000000		0.000377773995418159
97.743743743743735308		0.000048932875389313		0.000000000000000000		0.000356954256692438
97.841841841841841187		0.000046446971368631		0.000000000000000000		0.000309665734242323
97.939939939939932856		0.000044785648020490		0.000000000000000000		0.000283976533573403
98.038038038038038735		0.000041601955272990		0.000000000000000000		0.000259910510962466
98.136136136136130403		0.000038965791530677		0.000000000000000000		0.000215037568945763
98.234234234234236283		0.000036312790521404		0.000000000000000000		0.000081682158648550
98.332332332332327951		0.000034084310171539		0.000000000000000000		0.000000000013189948
98.430430430430419619		0.000030623790784842		0.000000000000000000		0.000000000002811113
98.528528528528525499		0.000028752589739292		0.000000000000000000		0.000000000000929528
98.626626626626617167		0.000025630481816067		0.000000000000000000		0.000000000000333300
98.724724724724723046		0.000023737850407928		0.000000000000000000		0.000000000000146665
98.822822822822814715		0.000021711797746615		0.000000000000000000		0.000000000000077647
98.920920920920920594		0.000019884800949777		0.000000000000000000		0.000000000000033265
99.019019019019012262		0.000017469290213301		0.000000000000000000		0.000000000000015677
99.117117117117118141		0.000015867831103273		0.000000000000000000		0.000000000000007960
99.215215215215209810		0.000014348724447563		0.000000000000000000		0.000000000000002743
99.313313313313315689		0.000012954638393228		0.000000000000000000		0.000000000000001572
99.411411411411407357		0.000011077791589904		0.000000000000000000		0.000000000000000890
99.509509509509499026		0.000007965033427148		0.000000000000000000		0.000000000000000345
99.607607607607604905		0.000005964935342479		0.000000000000000000		0.000000000000000188
99.705705705705696573		0.000005024951084645		0.000000000000000000		0.000000000000000132
99.803803803803802452		0.000002934489450881		0.000000000000000000		0.000000000000000068
99.901901901901894121		0.000001878462898659		0.000000000000000000		0.000000000000000043
100.000000000000000000		0.000000000000033863		0.000000000000000000		0.000000000000000023
